0 0 0 0 0 0 0 0 0 0 0 0 0 44 164 150 150 149 138 148 140 140 127 144 112 152 149 144 137 145 135 149 156 146 162 135 55 0 0 0 0 0 0 0 0 0 0 0 0 0
0 0 0 0 0 0 0 0 0 0 0 0 0 48 152 147 135 147 143 136 155 133 174 142 171 140 145 166 132 130 168 129 163 156 147 157 52 0 0 0 0 0 0 0 0 0 0 0 0 0
0 0 0 0 0 0 0 0 0 0 0 0 0 65 155 159 139 144 154 128 130 131 158 150 166 126 161 132 135 145 165 143 151 154 151 157 54 0 0 0 0 0 0 0 0 0 0 0 0 0
0 0 0 0 0 0 0 0 0 0 0 0 0 45 145 129 130 106 140 146 129 150 147 147 150 156 162 135 157 154 146 147 166 128 142 153 35 0 0 0 0 0 0 0 0 0 0 0 0 0
0 0 0 0 0 0 0 0 0 0 0 0 0 44 116 148 118 154 131 142 146 151 138 148 150 163 134 127 154 132 140 171 150 151 129 161 41 0 0 0 0 0 0 0 0 0 0 0 0 0
0 0 0 0 0 0 0 0 0 0 0 0 0 54 145 144 130 153 152 151 139 139 159 155 144 142 143 152 143 136 154 143 140 154 152 155 62 0 0 0 0 0 0 0 0 0 0 0 0 0
0 0 0 0 0 0 0 0 0 0 0 0 0 60 145 149 126 140 136 137 148 144 160 163 143 169 134 150 130 141 161 157 140 125 141 148 56 0 0 0 0 0 0 0 0 0 0 0 0 0
0 0 0 0 0 0 0 0 0 0 0 0 0 38 136 131 149 143 138 130 146 175 156 142 123 154 156 141 163 150 133 153 152 142 178 140 57 0 0 0 0 0 0 0 0 0 0 0 0 0
0 0 0 0 0 0 0 0 0 0 0 0 0 46 120 122 128 132 131 134 145 127 141 137 150 152 129 154 146 148 141 153 144 116 148 156 54 0 0 0 0 0 0 0 0 0 0 0 0 0
0 0 0 0 0 0 0 0 0 0 0 0 0 65 114 160 153 143 136 144 121 150 171 156 152 136 147 143 153 160 158 154 148 138 150 127 43 0 0 0 0 0 0 0 0 0 0 0 0 0
0 0 0 0 0 0 0 0 0 0 0 0 0 45 145 158 144 159 147 141 134 144 130 160 149 137 116 147 125 166 175 184 153 136 137 140 54 0 0 0 0 0 0 0 0 0 0 0 0 0
0 0 0 0 0 0 0 0 0 0 0 0 0 64 136 147 147 128 142 129 143 167 142 132 124 161 137 145 152 132 132 142 152 152 141 139 52 0 0 0 0 0 0 0 0 0 0 0 0 0
0 0 0 0 0 0 0 0 0 0 0 0 0 59 136 155 107 145 144 164 140 136 134 151 138 129 153 144 131 142 144 173 163 146 149 144 45 0 0 0 0 0 0 0 0 0 0 0 0 0
0 0 0 0 0 0 0 0 0 0 0 0 0 48 125 138 121 126 154 147 134 145 144 150 139 132 136 114 148 137 153 144 126 149 124 140 67 0 0 0 0 0 0 0 0 0 0 0 0 0
0 0 0 0 0 0 0 0 0 0 0 0 0 42 132 123 126 132 144 120 143 127 136 156 148 144 137 155 136 141 151 149 126 155 149 136 59 0 0 0 0 0 0 0 0 0 0 0 0 0
0 0 0 0 0 0 0 0 0 0 0 0 0 50 123 129 137 145 154 149 137 135 126 172 140 142 128 115 120 125 166 137 145 176 151 154 61 0 0 0 0 0 0 0 0 0 0 0 0 0
0 0 0 0 0 0 0 0 0 0 0 0 0 58 174 140 128 113 144 129 147 131 134 123 136 162 138 158 148 131 162 140 121 122 130 165 60 0 0 0 0 0 0 0 0 0 0 0 0 0
0 0 0 0 0 0 0 0 0 0 0 0 0 58 116 137 107 133 141 137 149 117 135 140 111 139 134 125 139 131 150 136 139 157 153 138 50 0 0 0 0 0 0 0 0 0 0 0 0 0
0 0 0 0 0 0 0 0 0 0 0 0 0 49 143 139 126 134 132 141 135 139 106 128 126 161 125 139 140 140 137 159 131 133 124 129 50 0 0 0 0 0 0 0 0 0 0 0 0 0
0 0 0 0 0 0 0 0 0 0 0 0 0 40 116 107 139 111 137 129 135 143 142 129 151 132 139 114 145 124 160 144 139 150 155 170 54 0 0 0 0 0 0 0 0 0 0 0 0 0
0 0 0 0 0 0 0 0 0 0 0 0 0 46 117 121 122 125 124 123 140 138 137 151 138 135 135 126 145 130 145 138 129 151 143 156 56 0 0 0 0 0 0 0 0 0 0 0 0 0
0 0 0 0 0 0 0 0 0 0 0 0 0 42 97 120 103 133 127 129 131 130 119 149 147 140 141 137 130 122 156 134 159 136 147 133 43 0 0 0 0 0 0 0 0 0 0 0 0 0
0 0 0 0 0 0 0 0 0 0 0 0 0 38 100 119 124 143 141 118 135 136 116 115 140 112 131 147 146 138 139 143 143 155 129 139 52 0 0 0 0 0 0 0 0 0 0 0 0 0
0 0 0 0 0 0 0 0 0 0 0 0 0 28 99 124 108 105 125 104 121 126 112 141 148 140 120 123 126 118 131 151 155 117 151 141 56 0 0 0 0 0 0 0 0 0 0 0 0 0
0 0 0 0 0 0 0 0 0 0 0 0 0 32 89 104 93 105 136 130 122 113 123 134 149 122 142 132 115 133 125 141 133 132 141 146 41 0 0 0 0 0 0 0 0 0 0 0 0 0
0 0 0 0 0 0 0 0 0 0 0 0 0 37 88 76 88 114 94 118 122 130 120 133 117 141 137 142 124 128 138 134 138 148 129 124 47 0 0 0 0 0 0 0 0 0 0 0 0 0
0 0 0 0 0 0 0 0 0 0 0 0 0 20 85 72 85 84 94 110 112 90 121 121 127 123 123 122 111 125 162 130 133 138 153 133 57 0 0 0 0 0 0 0 0 0 0 0 0 0
0 0 0 0 0 0 0 0 0 0 0 0 0 26 57 72 77 92 99 106 97 120 142 127 113 115 140 146 133 143 150 126 150 126 150 141 55 0 0 0 0 0 0 0 0 0 0 0 0 0
0 0 0 0 0 0 0 0 0 0 0 0 0 23 48 82 83 69 87 101 107 114 101 116 120 111 134 137 117 133 127 138 119 136 144 134 46 0 0 0 0 0 0 0 0 0 0 0 0 0
0 0 0 0 0 0 0 0 0 0 0 0 0 16 40 60 62 64 79 81 95 113 117 91 101 114 122 116 153 137 148 125 126 128 121 107 48 0 0 0 0 0 0 0 0 0 0 0 0 0
0 0 0 0 0 0 0 0 0 0 0 0 0 10 30 49 60 61 70 62 79 84 99 108 99 92 116 118 119 129 118 133 130 132 122 119 50 0 0 0 0 0 0 0 0 0 0 0 0 0
0 0 0 0 0 0 0 0 0 0 0 0 0 7 25 30 37 43 52 59 86 71 95 72 84 112 106 110 110 115 118 107 127 140 133 154 48 0 0 0 0 0 0 0 0 0 0 0 0 0
0 0 0 0 0 0 0 0 0 0 0 0 0 2 19 28 47 45 53 51 72 56 88 114 87 100 89 111 122 128 125 129 127 130 141 120 45 0 0 0 0 0 0 0 0 0 0 0 0 0
0 0 0 0 0 0 0 0 0 0 0 0 0 3 24 29 37 36 44 42 55 54 61 90 78 101 106 104 118 110 137 118 116 160 141 115 51 0 0 0 0 0 0 0 0 0 0 0 0 0
0 0 0 0 0 0 0 0 0 0 0 0 0 5 18 20 29 31 32 42 42 55 52 71 75 96 78 92 129 102 132 105 121 136 146 123 53 0 0 0 0 0 0 0 0 0 0 0 0 0
0 0 0 0 0 0 0 0 0 0 0 0 0 2 15 9 15 19 25 27 39 46 47 55 56 72 94 95 81 116 101 107 97 122 123 137 55 0 0 0 0 0 0 0 0 0 0 0 0 0
0 0 0 0 0 0 0 0 0 0 0 0 0 1 10 11 10 8 23 30 34 39 45 46 64 61 82 71 96 90 102 121 121 118 131 108 47 0 0 0 0 0 0 0 0 0 0 0 0 0
0 0 0 0 0 0 0 0 0 0 0 0 0 2 12 8 13 11 23 23 37 26 39 50 39 63 72 75 80 78 87 104 112 112 104 122 40 0 0 0 0 0 0 0 0 0 0 0 0 0
0 0 0 0 0 0 0 0 0 0 0 0 0 0 6 9 11 12 10 11 26 22 37 51 52 54 68 65 72 73 80 79 80 91 113 112 38 0 0 0 0 0 0 0 0 0 0 0 0 0
0 0 0 0 0 0 0 0 0 0 0 0 0 0 1 2 11 10 10 15 16 24 29 35 34 40 54 51 67 68 73 72 98 107 109 106 34 0 0 0 0 0 0 0 0 0 0 0 0 0
0 0 0 0 0 0 0 0 0 0 0 0 0 0 1 3 5 4 8 6 12 7 13 20 33 44 57 55 82 56 59 79 86 105 85 96 39 0 0 0 0 0 0 0 0 0 0 0 0 0
0 0 0 0 0 0 0 0 0 0 0 0 0 1 2 4 6 6 7 6 14 12 14 14 34 22 36 43 37 53 58 59 75 80 86 94 23 0 0 0 0 0 0 0 0 0 0 0 0 0
0 0 0 0 0 0 0 0 0 0 0 0 0 0 1 4 2 1 4 4 9 6 16 16 18 23 33 36 39 47 41 38 69 84 76 96 32 0 0 0 0 0 0 0 0 0 0 0 0 0
0 0 0 0 0 0 0 0 0 0 0 0 0 0 1 3 7 2 5 5 4 9 8 12 17 21 20 28 37 40 62 57 68 67 82 64 25 0 0 0 0 0 0 0 0 0 0 0 0 0
0 0 0 0 0 0 0 0 0 0 0 0 0 0 2 0 0 0 4 7 6 5 9 15 12 19 19 21 33 34 42 46 57 67 63 69 29 0 0 0 0 0 0 0 0 0 0 0 0 0
0 0 0 0 0 0 0 0 0 0 0 0 0 0 0 0 0 2 0 3 4 2 5 9 5 9 17 15 25 35 38 46 53 51 61 83 20 0 0 0 0 0 0 0 0 0 0 0 0 0
0 0 0 0 0 0 0 0 0 0 0 0 0 0 0 0 3 0 1 1 1 6 5 9 9 12 10 25 18 21 24 32 27 42 53 64 29 0 0 0 0 0 0 0 0 0 0 0 0 0
0 0 0 0 0 0 0 0 0 0 0 0 0 0 1 1 0 1 1 1 3 1 4 3 7 9 11 16 10 22 35 37 31 41 42 49 27 0 0 0 0 0 0 0 0 0 0 0 0 0
