0 0 0 0 0 0 0 0 0 0 1 4 35 67 121 175 251 213 290 251 246 304 297 282 274 305 304 316 276 285 298 292 314 296 341 699 1431 2306 2857 2827 2223 1271 486 62 0 0 0 0 0 0
0 0 0 0 0 0 0 0 0 0 3 8 37 72 102 184 209 239 281 253 246 261 261 292 277 318 283 295 316 295 334 266 329 299 350 634 1397 2242 2921 2824 2280 1310 516 66 0 0 0 0 0 0
0 0 0 0 0 0 0 0 0 0 1 10 29 81 115 170 198 211 264 255 266 278 293 254 275 297 298 310 309 281 286 294 315 285 342 704 1364 2344 2902 2874 2258 1328 452 57 0 0 0 0 0 0
0 0 0 0 0 0 0 0 0 0 1 3 40 75 152 172 206 234 225 241 262 283 255 295 287 298 296 278 319 315 291 317 306 295 344 671 1378 2314 2800 2813 2256 1392 534 52 0 0 0 0 0 0
0 0 0 0 0 0 0 0 0 0 3 17 25 83 120 167 225 246 243 269 252 273 284 261 296 274 259 297 294 299 290 312 326 303 319 698 1526 2294 2784 2831 2294 1295 479 62 0 0 0 0 0 0
0 0 0 0 0 0 0 0 0 0 1 13 25 75 122 179 211 237 252 251 275 280 277 273 254 296 281 310 287 305 285 268 323 281 354 619 1423 2360 2894 2847 2292 1339 438 72 1 0 0 0 0 0
0 0 0 0 0 0 0 0 0 0 1 6 22 59 131 174 233 237 304 265 281 271 301 270 263 327 252 297 305 283 343 325 293 318 352 693 1433 2225 2760 2916 2211 1287 505 57 0 0 0 0 0 0
0 0 0 0 0 0 0 0 0 0 1 9 36 70 109 186 217 244 260 267 275 269 273 299 260 289 273 293 276 323 318 273 313 297 342 648 1419 2335 2896 2827 2221 1346 474 62 0 0 0 0 0 0
0 0 0 0 0 0 0 0 0 0 1 9 39 75 122 162 189 234 265 262 270 307 249 287 320 285 264 292 325 298 290 313 322 344 331 701 1451 2208 2783 2853 2278 1343 472 55 1 0 0 0 0 0
0 0 0 0 0 0 0 0 0 0 0 7 30 81 115 178 223 225 275 283 279 304 256 264 281 281 282 285 325 294 316 312 295 324 320 685 1372 2258 2805 2919 2270 1341 460 55 0 0 0 0 0 0
0 0 0 0 0 0 0 0 0 0 0 8 24 70 133 178 205 252 255 286 250 293 263 279 321 314 292 283 299 297 300 331 304 302 309 685 1412 2247 2810 2905 2201 1356 471 64 1 0 0 0 0 0
0 0 0 0 0 0 0 0 0 0 1 7 31 69 124 176 223 236 288 268 273 258 289 288 265 319 298 300 291 295 309 303 294 333 335 667 1415 2274 2902 2839 2184 1275 501 70 0 0 0 0 0 0
0 0 0 0 0 0 0 0 0 0 2 4 32 80 136 174 247 283 280 280 256 294 295 276 261 273 312 269 289 332 312 286 301 323 385 716 1376 2271 2791 2795 2180 1310 509 70 0 0 0 0 0 0
0 0 0 0 0 0 0 0 0 0 0 6 39 88 119 180 210 241 272 241 294 269 260 274 291 280 282 313 294 285 286 308 332 300 344 688 1420 2246 2843 2861 2244 1353 481 56 0 0 0 0 0 0
0 0 0 0 0 0 0 0 0 0 0 9 34 68 135 148 223 259 258 278 271 285 292 269 286 290 300 294 293 290 279 313 321 318 340 678 1441 2332 2886 2726 2178 1366 477 63 0 0 0 0 0 0
0 0 0 0 0 0 0 0 0 0 2 5 43 72 146 162 221 242 252 255 286 282 293 290 261 311 271 284 306 303 287 286 286 307 351 697 1410 2229 2845 2930 2265 1260 498 62 0 0 0 0 0 0
0 0 0 0 0 0 0 0 0 0 2 7 28 62 116 152 212 251 260 288 251 283 276 286 300 291 301 282 332 324 290 296 280 288 350 691 1407 2242 2816 2834 2295 1317 517 73 0 0 0 0 0 0
0 0 0 0 0 0 0 0 0 0 2 7 34 60 113 174 232 231 264 246 282 290 248 269 272 305 270 312 288 301 268 307 321 310 339 619 1482 2243 2843 2884 2268 1346 497 72 1 0 0 0 0 0
0 0 0 0 0 0 0 0 0 0 0 10 19 72 115 163 202 265 267 249 275 278 290 255 270 283 282 263 292 265 262 251 326 315 396 677 1472 2379 2847 2836 2285 1326 453 60 0 0 0 0 0 0
0 0 0 0 0 0 0 0 0 0 1 15 36 68 136 182 213 248 244 288 250 262 285 262 248 263 287 306 299 290 295 276 345 309 358 676 1469 2282 2854 2744 2251 1413 473 72 0 0 0 0 0 0
0 0 0 0 0 0 0 0 0 0 4 10 40 77 113 187 227 260 267 258 271 286 291 267 277 264 286 283 279 293 291 299 278 303 380 697 1488 2271 2846 2776 2247 1328 499 56 1 0 0 0 0 0
0 0 0 0 0 0 0 0 0 0 1 6 31 78 145 170 228 275 263 238 248 283 272 290 262 298 311 305 315 292 337 285 324 297 364 685 1408 2277 2731 2866 2268 1288 496 62 1 0 0 0 0 0
0 0 0 0 0 0 0 0 0 0 1 12 32 83 145 164 224 231 270 261 242 265 267 291 269 268 289 300 290 311 302 305 325 339 344 697 1396 2240 2813 2850 2290 1352 469 63 0 0 0 0 0 0
0 0 0 0 0 0 0 0 0 0 3 14 28 78 125 163 235 234 245 271 297 267 260 259 262 296 295 268 318 313 315 271 309 335 362 673 1416 2333 2821 2852 2274 1304 459 45 0 0 0 0 0 0
0 0 0 0 0 0 0 0 0 0 0 11 40 79 114 154 219 239 260 256 265 266 295 271 285 308 297 276 299 309 289 327 307 290 327 679 1431 2274 2952 2857 2236 1284 440 64 0 0 0 0 0 0
0 0 0 0 0 0 0 0 0 0 4 8 34 84 123 195 200 239 255 268 243 263 264 242 279 280 272 314 325 332 313 296 286 284 357 689 1468 2273 2872 2738 2378 1306 448 68 0 0 0 0 0 0
0 0 0 0 0 0 0 0 0 0 1 11 29 76 118 169 263 248 247 280 273 268 259 277 281 292 288 281 290 326 329 327 271 320 340 716 1425 2292 2788 2893 2193 1313 460 55 1 0 0 0 0 0
0 0 0 0 0 0 0 0 0 0 4 12 29 66 119 171 231 257 255 282 288 292 278 279 272 279 293 313 291 301 304 284 308 347 348 677 1424 2252 2851 2832 2203 1321 467 68 2 0 0 0 0 0
0 0 0 0 0 0 0 0 0 0 1 13 29 70 110 185 219 252 255 253 295 297 251 260 295 282 305 284 279 302 287 299 317 313 344 654 1412 2313 2819 2876 2217 1343 511 58 0 0 0 0 0 0
0 0 0 0 0 0 0 0 0 0 0 11 24 73 138 164 230 242 275 230 274 265 276 290 253 290 300 320 286 303 308 252 312 317 361 672 1415 2307 2780 2909 2259 1318 485 61 0 0 0 0 0 0
0 0 0 0 0 0 0 0 0 0 2 9 39 78 124 186 215 233 230 274 260 304 256 294 283 285 314 302 298 311 289 313 299 282 341 675 1409 2298 2887 2845 2235 1290 474 66 0 0 0 0 0 0
0 0 0 0 0 0 0 0 0 0 1 8 37 53 116 187 211 264 255 262 265 257 275 260 295 268 260 306 318 316 306 312 321 293 360 702 1408 2343 2846 2838 2244 1264 479 70 0 0 0 0 0 0
0 0 0 0 0 0 0 0 0 0 0 6 28 82 129 195 211 241 260 257 259 256 275 296 235 300 282 280 282 327 288 317 348 316 352 702 1433 2280 2788 2838 2239 1328 496 73 1 0 0 0 0 0
0 0 0 0 0 0 0 0 0 0 0 6 29 76 131 177 229 256 264 276 264 290 281 281 264 303 268 322 285 289 274 299 306 335 340 702 1436 2239 2768 2816 2293 1361 484 55 1 0 0 0 0 0
0 0 0 0 0 0 0 0 0 0 0 11 32 68 111 190 231 250 274 272 265 263 269 297 295 296 305 304 299 273 319 289 297 348 341 715 1441 2261 2832 2781 2243 1290 463 75 0 0 0 0 0 0
0 0 0 0 0 0 0 0 0 0 1 7 29 70 124 181 209 244 261 231 284 279 281 261 292 278 274 282 305 289 318 306 325 337 375 659 1459 2318 2788 2803 2237 1312 511 70 0 0 0 0 0 0
0 0 0 0 0 0 0 0 0 0 0 6 29 73 131 190 239 251 254 295 274 269 276 262 289 271 277 311 308 291 294 302 328 276 356 657 1402 2328 2802 2883 2218 1307 489 62 0 0 0 0 0 0
0 0 0 0 0 0 0 0 0 0 1 12 38 76 130 205 228 251 244 268 303 253 245 297 274 307 276 287 336 293 332 298 316 311 335 688 1411 2270 2769 2863 2170 1364 479 69 1 0 0 0 0 0
0 0 0 0 0 0 0 0 0 0 0 9 32 73 128 188 205 243 287 256 292 298 284 255 246 285 302 313 282 286 272 328 286 304 342 703 1499 2295 2794 2774 2229 1354 475 80 1 0 0 0 0 0
0 0 0 0 0 0 0 0 0 0 2 9 38 63 128 175 201 265 253 245 245 263 296 307 275 319 292 315 325 332 300 272 275 300 342 680 1432 2419 2782 2821 2210 1299 456 64 0 0 0 0 0 0
0 0 0 0 0 0 0 0 0 0 3 8 28 67 125 166 234 255 281 256 243 287 315 274 269 300 285 294 294 317 291 282 299 314 359 656 1414 2279 2805 2894 2260 1330 445 70 1 0 0 0 0 0
0 0 0 0 0 0 0 0 0 0 0 6 23 65 131 161 227 239 233 265 245 285 282 299 280 290 279 290 308 287 310 291 286 311 361 693 1426 2300 2960 2832 2263 1243 462 67 0 0 0 0 0 0
0 0 0 0 0 0 0 0 0 0 2 13 22 71 108 189 238 262 250 262 268 290 303 289 277 265 316 294 291 259 312 303 335 275 357 649 1507 2267 2832 2807 2205 1354 473 55 0 0 0 0 0 0
0 0 0 0 0 0 0 0 0 0 0 4 30 66 137 187 216 266 237 272 265 278 256 271 287 304 312 324 303 324 320 300 284 302 347 680 1455 2222 2780 2801 2224 1390 480 76 0 0 0 0 0 0
0 0 0 0 0 0 0 0 0 0 0 8 37 72 125 177 204 254 263 242 261 283 268 283 294 289 276 316 267 293 323 295 293 306 342 681 1451 2260 2882 2792 2297 1313 495 58 0 0 0 0 0 0
0 0 0 0 0 0 0 0 0 0 2 10 31 62 124 163 212 251 251 261 266 284 260 287 280 305 267 326 286 327 282 301 339 305 325 687 1406 2370 2780 2849 2233 1313 484 71 0 0 0 0 0 0
0 0 0 0 0 0 0 0 0 0 1 6 25 60 126 174 223 222 285 282 259 252 262 269 267 281 277 278 281 294 303 307 291 330 349 670 1456 2389 2890 2791 2228 1331 468 73 0 0 0 0 0 0
0 0 0 0 0 0 0 0 0 0 1 9 28 75 136 175 221 266 257 272 254 275 292 267 303 279 288 315 289 283 288 298 294 329 352 656 1408 2267 2831 2806 2312 1335 472 67 0 0 0 0 0 0
