0 0 0 0 0 0 0 0 0 0 0 0 0 0 0 0 0 0 0 641 48 74 39 28 24 6 11 7 8 6 4 3 6 4 5 3 0 3 0 3 2 6 2 2 1 2 3 3 0 0
0 0 0 0 0 0 0 0 0 0 0 0 0 0 0 0 0 0 0 609 43 49 43 13 20 21 16 10 12 12 12 3 5 7 3 3 3 2 5 4 4 2 2 4 3 0 2 1 2 0
0 0 0 0 0 0 0 0 0 0 0 0 0 0 0 0 0 0 1 600 46 76 39 29 23 13 11 9 12 9 9 4 11 4 3 1 3 5 2 2 1 2 3 1 3 1 0 4 2 2
0 0 0 0 0 0 0 0 0 0 0 0 0 0 0 0 0 0 0 562 48 78 45 27 23 12 17 13 7 10 12 7 7 4 2 6 5 5 3 5 3 2 1 5 2 0 1 1 3 2
0 0 0 0 0 0 0 0 0 0 0 0 0 0 0 0 0 0 0 520 37 64 46 24 18 19 15 9 9 13 2 7 7 10 10 6 7 4 4 4 2 3 1 4 3 6 2 3 3 1
0 0 0 0 0 0 0 0 0 0 0 0 0 0 0 0 0 0 0 503 50 77 48 20 24 14 23 14 8 9 7 10 9 6 6 10 7 7 5 3 2 2 1 0 3 4 1 2 3 5
0 0 0 0 0 0 0 0 0 0 0 0 0 0 0 0 0 0 0 482 43 81 43 27 19 9 10 13 12 7 6 8 6 2 9 7 2 5 8 3 2 6 4 4 2 3 1 4 4 2
0 0 0 0 0 0 0 0 0 0 0 0 0 0 0 0 0 0 0 469 37 75 46 37 21 22 23 10 11 6 6 8 9 5 7 6 5 4 5 5 4 8 6 5 3 4 2 4 3 2
0 0 0 0 0 0 0 0 0 0 0 0 0 0 0 0 0 0 1 443 44 76 42 25 24 19 19 12 16 9 7 5 9 11 9 8 6 1 9 6 4 5 4 5 1 4 3 2 2 4
0 0 0 0 0 0 0 0 0 0 0 0 0 0 0 0 0 0 0 455 39 68 38 31 13 17 16 7 12 12 8 10 10 4 7 3 8 1 2 7 7 4 5 8 3 4 2 1 3 4
0 0 0 0 0 0 0 0 0 0 0 0 0 0 0 0 0 0 0 431 52 69 32 36 19 20 11 13 7 7 5 12 2 5 6 5 5 4 6 4 5 5 4 6 2 2 3 6 4 6
0 0 0 0 0 0 0 0 0 0 0 0 0 0 0 0 0 0 0 400 55 58 49 24 23 28 23 16 17 6 6 7 8 5 3 7 4 5 4 6 1 4 4 2 2 2 5 2 2 7
0 0 0 0 0 0 0 0 0 0 0 0 0 0 0 0 0 0 0 387 49 65 47 29 20 17 24 11 12 10 14 6 7 5 2 3 6 7 12 4 2 5 0 7 1 1 4 3 2 6
0 0 0 0 0 0 0 0 0 0 0 0 0 0 0 0 0 0 0 355 50 61 35 35 21 11 14 14 8 13 6 9 7 7 7 4 8 1 6 7 9 7 3 4 1 7 3 4 1 2
0 0 0 0 0 0 0 0 0 0 0 0 0 0 0 0 0 0 0 362 36 46 47 24 15 15 14 20 12 14 8 6 8 4 7 9 4 11 4 5 5 2 4 3 4 7 2 4 2 4
0 0 0 0 0 0 0 0 0 0 0 0 0 0 0 0 0 0 0 338 30 57 33 20 17 22 15 6 10 11 6 5 7 7 10 4 8 3 8 8 5 7 3 4 6 3 6 7 4 4
0 0 0 0 0 0 0 0 0 0 0 0 0 0 0 0 0 0 0 329 34 55 40 20 19 17 22 16 16 9 13 5 3 2 5 9 5 5 7 2 2 3 6 4 4 5 3 7 5 4
0 0 0 0 0 0 0 0 0 0 0 0 0 0 0 0 0 0 0 331 33 60 45 25 19 17 12 14 14 7 7 8 8 6 9 8 9 3 4 2 3 6 5 3 1 8 3 3 2 1
0 0 0 0 0 0 0 0 0 0 0 0 0 0 0 0 0 0 0 336 28 41 25 22 21 13 16 20 10 9 8 2 8 4 6 7 5 3 10 4 6 5 5 8 6 5 4 3 6 5
0 0 0 0 0 0 0 0 0 0 0 0 0 0 0 0 0 0 0 300 24 57 39 19 16 15 13 11 5 9 7 9 6 1 6 4 9 11 4 12 4 6 5 3 1 2 5 1 4 3
0 0 0 0 0 0 0 0 0 0 0 0 0 0 0 0 0 0 0 344 22 41 29 16 30 10 13 15 8 12 10 9 4 10 4 6 6 6 6 8 5 5 1 8 5 0 7 3 4 1
0 0 0 0 0 0 0 0 0 0 0 0 0 0 0 0 0 0 1 292 38 37 29 28 16 13 15 8 5 11 7 7 1 2 0 8 5 8 8 7 4 5 2 1 1 3 5 4 3 2
0 0 0 0 0 0 0 0 0 0 0 0 0 0 0 0 0 0 0 335 10 46 26 25 13 13 14 4 10 5 4 7 2 8 6 4 6 3 2 8 2 6 3 4 4 3 2 3 3 0
0 0 0 0 0 0 0 0 0 0 0 0 0 0 0 0 0 0 0 282 22 43 25 20 14 7 15 11 8 4 10 6 8 7 3 7 4 6 0 3 0 8 7 3 5 2 6 2 2 1
0 0 0 0 0 0 0 0 0 0 0 0 0 0 0 0 0 0 0 261 19 37 29 24 10 15 7 8 9 5 5 11 5 5 7 2 3 3 7 6 0 6 1 3 3 3 0 6 4 4
0 0 0 0 0 0 0 0 0 0 0 0 0 0 0 0 0 0 1 291 27 37 30 22 12 13 12 5 6 10 10 6 6 4 6 4 5 2 6 3 3 3 7 3 2 5 4 3 4 3
0 0 0 0 0 0 0 0 0 0 0 0 0 0 0 0 0 0 0 269 20 30 23 20 13 11 13 10 6 5 12 3 8 6 4 2 3 6 4 1 5 3 6 9 4 2 1 3 3 5
0 0 0 0 0 0 0 0 0 0 0 0 0 0 0 0 0 0 0 261 27 33 22 11 18 13 7 7 6 6 4 1 4 6 2 2 5 5 7 4 3 3 5 2 3 5 3 3 2 3
0 0 0 0 0 0 0 0 0 0 0 0 0 0 0 0 0 0 0 239 22 34 14 17 9 15 9 10 3 8 9 10 4 7 9 7 3 2 2 8 4 2 1 5 1 0 4 3 1 4
0 0 0 0 0 0 0 0 0 0 0 0 0 0 0 0 0 0 0 1 0 0 0 0 0 0 0 0 0 0 0 0 0 0 0 0 0 0 0 0 0 0 0 0 0 0 0 0 0 0
0 0 0 0 0 0 0 0 0 0 0 0 0 0 0 0 0 0 0 1 0 0 0 0 0 0 0 0 0 0 0 0 0 0 0 0 0 0 0 0 0 0 0 0 0 0 0 0 0 0
0 0 0 0 0 0 0 0 0 0 0 0 0 0 0 0 0 0 0 1 0 0 0 0 0 0 0 0 0 0 0 0 0 0 0 0 0 0 0 0 0 0 0 0 0 0 0 0 0 0
0 0 0 0 0 0 0 0 0 0 0 0 0 0 0 0 0 0 0 1 0 0 0 0 0 0 0 0 0 0 0 0 0 0 0 0 0 0 0 0 0 0 0 0 0 0 0 0 0 0
0 0 0 0 0 0 0 0 0 0 0 0 0 0 0 0 0 0 0 1 0 0 0 0 0 0 0 0 0 0 0 0 0 0 0 0 0 0 0 0 0 0 0 0 0 0 0 0 0 0
0 0 0 0 0 0 0 0 0 0 0 0 0 0 0 0 0 0 0 1 0 0 0 0 0 0 0 0 0 0 0 0 0 0 0 0 0 0 0 0 0 0 0 0 0 0 0 0 0 0
0 0 0 0 0 0 0 0 0 0 0 0 0 0 0 0 0 0 0 1 0 0 0 0 0 0 0 0 0 0 0 0 0 0 0 0 0 0 0 0 0 0 0 0 0 0 0 0 0 0
0 0 0 0 0 0 0 0 0 0 0 0 0 0 0 0 0 0 0 1 0 0 0 0 0 0 0 0 0 0 0 0 0 0 0 0 0 0 0 0 0 0 0 0 0 0 0 0 0 0
0 0 0 0 0 0 0 0 0 0 0 0 0 0 0 0 0 0 0 1 0 0 0 0 0 0 0 0 0 0 0 0 0 0 0 0 0 0 0 0 0 0 0 0 0 0 0 0 0 0
0 0 0 0 0 0 0 0 0 0 0 0 0 0 0 0 0 0 0 1 0 0 0 0 0 0 0 0 0 0 0 0 0 0 0 0 0 0 0 0 0 0 0 0 0 0 0 0 0 0
0 0 0 0 0 0 0 0 0 0 0 0 0 0 0 0 0 0 0 1 0 0 0 0 0 0 0 0 0 0 0 0 0 0 0 0 0 0 0 0 0 0 0 0 0 0 0 0 0 0
0 0 0 0 0 0 0 0 0 0 0 0 0 0 0 0 0 0 0 1 0 0 0 0 0 0 0 0 0 0 0 0 0 0 0 0 0 0 0 0 0 0 0 0 0 0 0 0 0 0
0 0 0 0 0 0 0 0 0 0 0 0 0 0 0 0 0 0 0 1 0 0 0 0 0 0 0 0 0 0 0 0 0 0 0 0 0 0 0 0 0 0 0 0 0 0 0 0 0 0
0 0 0 0 0 0 0 0 0 0 0 0 0 0 0 0 0 0 0 1 0 0 0 0 0 0 0 0 0 0 0 0 0 0 0 0 0 0 0 0 0 0 0 0 0 0 0 0 0 0
0 0 0 0 0 0 0 0 0 0 0 0 0 0 0 0 0 0 0 1 0 0 0 0 0 0 0 0 0 0 0 0 0 0 0 0 0 0 0 0 0 0 0 0 0 0 0 0 0 0
0 0 0 0 0 0 0 0 0 0 0 0 0 0 0 0 0 0 0 1 0 0 0 0 0 0 0 0 0 0 0 0 0 0 0 0 0 0 0 0 0 0 0 0 0 0 0 0 0 0
0 0 0 0 0 0 0 0 0 0 0 0 0 0 0 0 0 0 0 1 0 0 0 0 0 0 0 0 0 0 0 0 0 0 0 0 0 0 0 0 0 0 0 0 0 0 0 0 0 0
0 0 0 0 0 0 0 0 0 0 0 0 0 0 0 0 0 0 0 1 0 0 0 0 0 0 0 0 0 0 0 0 0 0 0 0 0 0 0 0 0 0 0 0 0 0 0 0 0 0
0 0 0 0 0 0 0 0 0 0 0 0 0 0 0 0 0 0 0 1 0 0 0 0 0 0 0 0 0 0 0 0 0 0 0 0 0 0 0 0 0 0 0 0 0 0 0 0 0 0
