0
0.6300990023252313
0
0
1.8799801486341559
2.5248896633025115
17.510219783222098
0
0
5.311551878307891
4.058198308846443
23.01669726044122
0
60.07963506686157
0
0
0
0
0
0
0
0
2.10085246247084
0.5574080100471912
0
4.3991818602295325
1.269352261271139
2.35387928687678
0
55.05339075365756
1.4691810364294808
36.592092691546
0
0
20.312515423541466
0
0
0
0
0
0
0.8491377741879383
1.466805497758728
3.135660076924607
33.125782404648454
3.656892576401316
0
0.7873142038892101
1.2613960835489775
1.3052963189595075
0
2.255562991527025
0
12.213490608329847
0
0
2.3036073200781972
0
0
0
0
1.3826022178649673
13.236744925624116
0
13.267666135739015
0
1.2360800690915625
4.8099329913027375
0
0
0
0
2.1244899246922606
0
0
50.53376315829225
0
0
0
0
75.40546681224879
3.4022471694075476
7.43727890674034
0
50.765297275403285
0.6956288029910366
0.11754171211078202
0
0
126.66026846819015
0
0
0
0
0.3636533799596222
5.077824287071714
0
5.022672342276683
0
0
5.411887628671368
142.51171157263826
55.18304865338668
0
7.622163012285836
69.2795131320712
6.178566563516174
24.058508616661797
8.754377688721416
0
0
4.545603269529291
0
0.6567462080077686
15.505433478776002
0
0.5105135137806954
0
0
5.499727113322035
0
0
0.5621145166285132
15.301394371120056
0
0
0
0
42.75384222045994
0
1.8505812611165138
0
0
0
0
2.8896500614154728
0.8580764590656313
30.41584374305977
0
0
4.509471061021883
2.6654549153022056
0
1.492734821657373
1.7769794913103256
0
0
0
1.269289623420169
28.931100005741484
0
0
0
0
0
0
0
20.46064554556349
0
0
0
19.37897709364519
1.060243306622185
2.0395514785602495
0.9092433470069046
1.4271064440178216
3.060249217590895
1.4012268551766818
0
1.002341854491638
2.6362299068096684
0
1.6464152159672005
0
9.93857012190136
0
0
0
0
0
1.5516067795541364
0
0
0
10.698027710426098
0
0
0
0
2.3161706895666363
0
0
0
0
0
5.733513299987709
14.49519435078003
0
1.0426345468543552
6.123981223548229
4.880214765076651
0
0
3.182092986576963
0
0
0
0
0
0
0
0
0
0
0
0
2.102045529602467
0
0
2.9492856584354157
0
7.426376263255871
4.303391829386809
1.8724172422936602
0
0
0
1.0930156662064086
0
9.606752680813889
0
83.39460426623891
0
0
0
9.304095493198645
0
0
2.2003158263155087
0
1.4883344524707391
15.92592983157629
101.69845341600369
0
36.055288963176295
20.20601954789563
7.581426327718704
0
0
0
0.6287673525860045
0
42.307393802205084
1.5287340751345067
1.4806730754309065
0
0
0
39.058999997716185
0
2.2470415702733186
0
0
0
2.4153049294269615
0
2.602132551128041
2.011575189625037
0
0
0
0
0
-0.2960586810643726
0.4773898299718885
0
0
0
0.753216311883329
0
0
0
0
0
0
0
0
0
0
0
2.0576931855529854
0
0
2.1588752307186194
0
0
0
23.887811759754822
0
50.979915619342734
0
265.05157487139894
2.4535254343872452
0
0
0
0
0
0
0
0.9370265499459837
0.6484725828049797
0
0.4789698577572893
0
0
0
0
0
3.1763457885846473
33.367936085773735
6.249431357138971
4.879661980686718
0
52.866910420907054
0
0.8186939377513296
0.3595054014556106
0
0
0
0
0
0
0
0
0
0
1.1100544728226123
0
0
0.773919791635785
11.755472996439439
449.78915771667187
0
0
0
0
0
25.308509457461337
0
10.341082491394264
0
3.191799724098148
3.542708853852968
0
0
4.713821018487978
0
0
0
264.488429074143
1.462828065964501
1.78904360417346
0
0
0
20.967612205859453
5.2307595802825775
0.683701048798044
0
0
0
3.308261576438286
0
0
0
0.9615305360791354
0
0
0
0
11.329449018627505
0
0
3.379655992017023
35.68610225095675
0
0
0.7070570837727471
0
1.3458506075974228
1.760407844134893
1.3539011893837867
5.738693898688645
0
0
6.575966540745912
2.3684628111396693
13.240408520989554
4.247081785605854
48.727071569584176
0
0
1.2635489220739315
170.6848257877951
0
0
0
0
0
84.21761552681318
0
13.531429867845445
11.06341094220782
0
0
6.825662456457275
0
0
0
4.984784889810481
194.18572838639636
0
0
7.609346671245554
0
0
2.4926445633160457
0
0
26.35031797382262
0
0
0
1.3295560289962438
1.0998099853225989
0
0
0
0
3.0147671635068516
0
10.443324896992532
0
1.0251168363005376
0
15.828184784117598
0
0
0
0
1.7233260718467018
0
0
0
7.302164179756389
0
0
0
43.68727677262048
0
0
0
0
0.9636871455130948
1.106959776977184
0
0
1.714622809719107
0
7.195505688856954
0
0
4.372995880880033
0
0
93.64290264626773
0
0
0
20.543440789563537
0
0
8.711243715849475
0
0
0
30.413993687258642
1.1730603917055176
0
2.1892545031894852
0
0
4.386157049271709
2.9761441387578804
7.026436018304037
0
0
0
1.6551846500942737
0
5.060317349794919
1.8953148744607116
0
92.40790013904824
0
1.1385998317997732
8.731430856290174
0
12.833301760707085
0
4.085948084161863
0
0
3.501365966630077
0
7.674939481149987
0
71.48239449417858
0
0
1.8465210830019
0
191.8216218001562
1.8972531712196734
0.45881981597758936
1.9817310058149142
11.465951882503344
0
0
1.5825091005578962
0
0
0
0
2.2951508079313028
0
0
0
0
0
0
9.144926321471415
0
0
6.709727932106082
0
0
0
0
0
0
0
0
6.720600619023897
2.9870280430446856
0
0
0
1.0750470853791039
0
0
2.7214596127548507
0
1.9649766643034723
0
0
0
0
0.9651977145146778
0.7365634034074693
0
7.810019105810642
0
1.416072714675719
0
0
0
0
2.22967306882131
43.41762421311469
0
0
0
3.252067540178249
0
0
2.069779908499886
0
8.141276517158337
0
0
0
0
0
0.8839585689301852
0
0
1.3314717677659094
19.503532568032202
0
2.018698077324207
1.0975791051098582
0
0
0
2.8355136871298567
0.8510984151392487
2.8868343189717427
1.1868082272310736
0
0.9927585729265084
0
0
1.2932270377601607
1.7013254037706127
0
58.17894110867522
27.364736656833667
71.44623949568943
10.540478385227287
0
16.0173557912594
146.60038083863324
0
7.094555077375886
1.759280530611198
0
1.3038684853324558
0
25.839719619857636
0
0
0
0
0
0
1.5802415234781177
0
3.867850360639756
3.043731037931015
0
0
0
0
5.7276887803656
11.501126805170095
0
0
4.523429095002629
0.9486764180219546
0.38674124161888834
1.071939949380426
0.6118522480299747
0
3.547219662962617
0
0
2.3945573291490536
0.43501967485672166
0
1.2399692665926958
1.358819145585382
0
0
0.9345791316519564
4.976914653642757
6.0028508389863795
20.69163741565821
0
0
0.7473331357158639
19.108320721817588
0
22.556348843316552
0
0
0
0.775965957610596
0
0
0
-0.11585381536930983
0
15.9501634954987
0.9498057522090744
0
0
0
7.646579749505717
0
4.68989374140543
0
0.8471865792356774
1.4192924780205098
0
0.9361056642880182
0
0
0
0
1.3655164386381125
8.576471720173817
0
13.831106784011128
0
0
51.63109240306032
0
0
0
1.2906436540209496
0
0
0
0
0.7442992079249777
6.4289049675872585
0
0
1.1175430312939394
0
0.5792711732218382
146.68450771775713
97.35809573438621
0
0
1.335548196890896
1.1110914968522025
1.4364023914235218
1.778833177008385
1.1005620269566012
0
282.19684741714536
0
0
18.581645743210665
0.4664032336784125
0
62.28300051244078
6.700401694425514
7.292990156681996
0
1.0263167000724818
34.13045870742604
0
6.6054849973972285
43.72871863205107
0.5148470939522563
4.460969106816183
2.841301628238619
0
0
6.622635766785491
0
5.855512377140765
0.8954875558209526
1.5046556615500173
0
0
33.844776182461686
93.22320233828532
2.659737995714856
0
0
0
0
0
0.5270291812317284
3.4783027047265263
4.347871732072159
0
10.857689150829643
0
13.360237654892472
35.53996188002909
10.824448078827938
5.060763535261765
0
4.839995871947437
1.935954694365735
2.4758546892963347
0
2.6203127895866243
0
67.23353811633233
2.862173281685989
0
0
4.306112325523083
0
0
-0.4049937553180962
1.4530374548688398
0
14.659661839409083
2.6126352395252512
0
12.026956217303823
91.43735832373498
103.75323925061319
0
25.007272284877097
3.6976201656457346
1.1984372847779479
10.973938602082779
0
0
326.93078563047027
0
0
0.9210450302942098
71.96118752320726
0
16.493059691839953
4.421624982111363
0.4715477710252034
0
2.8926054407643633
0
0
0
81.16831904856124
0
8.348718064593644
0
0
0
0
0
0
4.185408485571853
0
0
0
0.9887856521875962
1.2429764493199515
0
8.462078765074537
0
0
0
0
0
0
0
19.33910914116953
1.6062950885067808
0
0
0
7.133756740764932
0.49984015552016525
42.16787140211968
0
27.204769272118902
0
0
1.4445961895895036
1.467156037924331
0
3.365195987098698
0
831.2451805941885
0
0
11.662030275108249
0
0
1.3172885970114774
0
0
8.048018894750468
18.69383811619668
12.452453526308465
5.206993645730554
0
1.5833798200289495
12.5032688997026
0
0.9595228537695591
0
0
0
2.1383121058304675
0
1.5212661661641507
0
0
0
50.04380286570234
0.7664990183004212
10.759703221159596
2.5603683664435657
0
62.94200172624098
1.5970122511701343
0
0
0
1.0094740112286549
0
0
0
1.8945111307453577
9.427062927746935
1.388703197525827
1.9606260640678865
1.526689522952424
0
0
9.130223293165878
0
0
3.9985033546979776
0
7.2195367880593
0
0.6118695554139746
0
0
0
0
0.6127471178514599
7.060668334196335
10.564147129957767
0
205.42687354091
1.0473851393629043
0.5471387580049325
0
0.20814355973346021
0
0
2.734469694658694
0
1.0665413543600029
0
0
0
0
2.169864860108408
30.68880876512246
1.3044640015128801
4.502653900566811
0
6.196654360910523
0
0.8851727897200025
0
0
0.7924771371194973
28.919236031094535
0
4.147213452023803
0
0.6613020437184056
2.914885964563807
0
31.8351293968004
2.3265320561587197
0
579.4246337878149
0
6.813745848216581
1.1167612108554574
0
0
0.5621450073275018
0
0
0
0
14.036864196379675
1.7827365615039832
0.7457091952846655
3.3251051228731727
0
16.211504252918168
43.68695333586957
0.8537339660878047
0
3.58391542842117
0.4479911828601575
0.9795300104552834
1.6944585216794121
0
0
0
1.1118678008323442
0
3.897233421104621
2.0393370814202263
0
1.8899839688401947
0.8557324963929948
0
0
0
