0
0
6.171925078837579
0
0
0
0
0
0
0
0
0
349.52535343394516
55.518172417305514
0.4105105584420513
5.132598221185081
26.920817831716843
0
4.6644743528873756
1.6665246292854006
0
0
0
-0.23804712433219155
0
53.978365784398136
6.916444056332882
1.0726890088549261
0
0
0
0
0
1.65333332340307
0
0
224.63488471825917
21.373258406171114
0
0
1.0420778438318927
0
1.272888035514879
1.616295836244523
257.9595992711696
3.16244779987373
417.93704682141964
0
0.1157644433590378
1.8752546339390843
0
0
1.9922259373045037
0
5.763985273064763
26.229444625626616
8.747395202103116
0
4.699980381463988
0
0
0.6036546718044318
0
0
0
1.018348404759797
1.4089945674365842
0
0
0
0
0
28.790572204811465
0
0
0.7062687464571478
0
1.51117624769361
0
0
12.809427923292084
0
0
0
4.988752917838116
3.1694140354086873
13.093871920365666
0
0
0.698006371693948
3.744028476181911
1.8643930766499122
0
15.119760475519557
0
0
0
0
0
1.1179667274655551
11.090436460109593
0
0
3.7789513238840904
0
0.7335018272571203
1.9179589612086054
18.232869081460674
15.912176139537877
0.7807751866552433
2.070880085877914
0
0
37.17367993735111
0
0
0
3.19062351757499
6.667164976046613
24.35981334443685
0.9022022072484496
0
0
36.79636633525958
0
26.805730585123097
0
0
0
0.5058405293160823
32.80196078890319
0
0
0
0.8607491839973884
0
0
0
0
5.8957047566932745
9.339644049098471
3.213303212331577
9.129980289982738
1.653708846951726
0
0
0
0
5.598119655864812
0
0
0
1.016362533607533
0
0
0
0.33377329915908327
0
0
0
0
0
13.807498492409913
5.971091572917397
0
0
3.5719070138391307
0
3.634494946251122
0
0
0.05029683221296655
0
0
25.964156812420416
13.112307925964123
0
0.6675337964726666
0
0
0
0
4.748405912359669
0
0
0
0
1.2904743099336207
0
3.0143898752715703
19.27194595497107
0
6.484991978853151
0
54.44422944698229
0
6.21043655885185
45.05658407957706
1.5600361279493098
50.328383021379224
3.1468977338386566
0
0
1.262673244487128
0
4.467626817787481
4.67081717620374
10.688922108357186
0
0
167.01727219650348
0
0.1086072454922612
0
0
2.432321260093163
6.400565897762188
1.020141631326403
0
0.7652631005018391
0
0
0
6.418877003410556
0
0
0
0
0
24.045069857311628
0
27.355304684938154
2.8658302973829883
0
0
7.10619475708602
0
0
618.3513911340949
4.517774135899328
0
56.8154097059193
1.1650529228400872
0
1.3063008609604976
1.7138066449964469
1.0368795484379796
0
1.6360493770530296
381.8409846301724
0
0
0
0
0
8.724123315573046
34.856858757885554
1.664266043423149
0
0
30.48401611011861
8.88094098088843
0
0
0
0
5.764854050575405
0
0
1.233654196560444
0
0
0
89.39205692131176
0.8292992920726217
13.997133577787833
0
0
0
0
0
0
0
0
3.123625943818486
0
0
0
0.8112358833475433
0
4.036517659957407
0
0
0.061654536006112926
0
0
0
204.76862708571733
37.702517258095476
1.9756141276690018
12.991169368136608
1.3446877244058646
0
0
2.8903033137587406
0.5442560513005893
0.5031255320111536
0
0
0
1.264377223192844
0
1.0549328864508638
0
0
0
0
102.82094641213178
0
0
0
16.470328126610898
0
9.809902243772296
4.97007080707059
86.62682578507045
0
14.378716640197126
149.0575696463146
0
108.38495243598159
1.429523173135852
2.1365857898323677
0
0
0
0
0
15.411376713680813
1.7060745196437364
2.0161685541566214
0
0.3508764433937789
0
0.9735425053262395
7.595209942559941
0
0
2.1428817290648903
0
0
0
0
1.3504242525497574
533.0536350308101
14.724078137503616
0
0
4.55332276193831
0
0.5484468076717743
3.5298354234443425
3.282060522415186
12.167235306901134
12.461037358593785
5.091006536966908
272.6064403163499
0
0
0
0
4.976009963164895
0
0
0
0
0
0
0
0
0.4319479031188569
0
0
0
0
0
0
0
2.128050602101128
0
5.749523333509197
0
0
0
0
0.3331250941823132
5.8297621917136615
0
0
5.056491668372932
0
0
0
1.6471356065959015
1.9804496914824625
0
0
0
0
0
0
0
27.540546322249423
0.9795265571391258
1.0627504838257489
0
0
1.2835576439702423
0
0
0
0
1.099251311389063
0
1.3897765023708049
0
0
213.38918739074367
1.7742909247880407
6.144673910439778
0
0
0
0
4.442241128813073
0
0
0
0
2.627389727903049
0
0
0
3.0174989139617403
0
0
0
7.395489874544772
0
0
0
0
61.57116027660515
0
1.9890001792406942
0
160.13359114415564
3.5018138148318823
0
7.303296080012945
94.06309378773733
0
3.435146537381593
0
9.355576504188866
4.009624097997072
0
0
0
0
0
0
0
3.1923227875885662
4.408130008620227
0
0.6198609429705093
0
0
0
0
0
0.8713711120697111
0
1.7951277773618135
0
2.9361014668301806
0.39571684921467465
0
0
0
0
6.701277812367731
0
0
0
0
1.3788531163162148
0
0
9.30281356814843
0
0
0
328.41669772395454
1.5908478081550164
0
69.57103751263688
16.170177703676288
0
21.031936064001066
0
0
0
0
1.3231509184130137
10.68321435904128
6.439238215096638
0
3.9197136862818356
0.6319237188737665
0.8248149742300386
0
0
0
26.97525937870292
3.969941283345708
0
0
0
0
0
0
0.8601133790734429
13.461251649249416
0
0
0
0.33948665009399104
38.27448823697914
0
533.281994719038
11.060983211607338
0
0
5.659622280049858
11.562163139501752
0
49.74155985065556
7.101345314281356
0
0
1.8181033747588105
0
0
2.183495125096287
28.60043812805592
0
0
0
0
0
4.399678116225157
0
0
6.844523552306766
0
0
169.90149866364098
0
20.615661983170487
0
69.40362107683129
0
0.768530869586172
0
2.0158284913521753
3.711185165255112
0
0
34.08345431936008
1.00924491770256
1.1102805156105982
0
0
0.625170884554509
0.7001609766976464
3.6504700899134814
0
0
20.291438160925868
17.396588144906076
0
0
1.2617304633247004
0
2.726007568975716
1.6322216928109774
0
0.866510041671514
0
59.34151751651227
5.463822448798419
0
6.624696745206626
158.76063320133383
20.503683926539093
0
0
0
47.75198483606599
0
0
1.2568497781706753
32.42654175370765
0
0.6718659402808893
0
0
0
0
0
78.3130500020822
0.6214213855792347
0
36.6189042826759
0
0
4.071939404584178
0
4.139703140508668
1.8514438667549251
0
0
0
17.75951210115536
0
0.339554228544772
0
11.484632681003571
0
0
0
0
1.280078814313433
0
0
0
80.64357923782171
0
0
4.126384412649459
97.17721663468572
2.623539569083058
0
0
1.465124418262002
0
2.553520057678029
0
42.11619581134279
0
648.1697898602711
0
0
0
33.43689858334242
0
0
0.7525208925637501
0
0
0
0
0
23.962176770387423
0
0
0
0
0
6.956225665983418
0
0
0
1.1164628467434854
0
8.80752704261474
7.931741841871018
13.558982146473127
0
0
19.33771384679872
3.0959384302537303
0
2.4668355474803665
91.93851036244138
0
0
7.4254940081602125
0
0
0.5549011585137039
0
0
134.0848878403581
0
0
0
0
0
3.378318743848344
0
2.1732555118683536
0
10.024828293727326
0
1.2147388348224284
0
0.40611505789718116
0
0.7329168137095734
0
0
0
0
8.47981030267038
0
2.5563686909438026
0
27.098569195695013
0
16.673276570184548
5.896718824851385
0
0
0
0
0
1.0315066416251888
0.1688105269307062
7.706140651644853
0
3.4765289037270932
0
0
0
2.649573300781886
49.86464623652401
11.032302233272828
1.6977141081557918
4.71671811484974
0
0
0
2.2784046004683765
0
0
6.712986447016505
4.575572287030239
0
0
0
0
7.329562641444474
1.4692754181210081
1.657935300371968
0
0
10.055910966129655
1.5393888183541864
0
2.6882592353524055
0
0
15.542378290750928
10.283857805956957
0.9175171196056819
6.83845339275659
1.9902833591708926
3.265982730788654
1.312074869908166
0
0
0
6.291496204284687
12.563973937049393
0
0
0
0
0
0
0
6.028705309634913
25.933562527935425
0
63.063967283099565
0
8.431839145757433
0
0
0
0
1.651342138525762
0
4.752218698742538
45.269982884966765
0
0
25.409757948445748
0
0
2.0702709956100325
0
0
29.25757265549437
0
0
0
0
0
0
0
3.0446529322943787
3.891201259291394
0
0
2.0961652258853523
0.28967139336608083
0
12.662407760496029
5.633709384099118
0
0
0
0
0
0
0
0
0
1.3588618554456215
0
58.151819890221894
0
0
0
0
4.1464558442866295
1.9789117783865755
5.005726277260791
0
0
3.529155541758663
0
0
0
0
0
0
0
0
0
0
0
0
0.3907490959275143
0
4.188409972927693
0
0
0
0
0
0
15.519497539044146
0.674093481873201
0
0
0
1.1778522210667324
0
0
2.980311247497534
14.690481944651298
4.066670139886452
36.83427499853405
0
0
0
0
0
0
0
1.5553435376277707
0
0
0
0
0
0.7244115750458084
2.537501796152304
0
25.077316447189705
1.0798847474060493
0
0
1.0763134461201658
0.7564225314789836
1.9688100935522803
0
0
4.1908126328848105
0
2.3147354484344707
5.382865689415279
0
0
0
4.334374331738655
0
0
0
0
0.42269046470316485
0
0
4.882183783840287
0
0
368.4473249523938
0
0.7994806355852377
0
70.75255196551693
12.33619776652389
0
1.6524285808482575
0
0
0
0
0
0
0
79.65330157521201
0.3267493615425777
0
0
0
0
0
0
0
0
0
0
0
0
6.953324351876329
0
0
0
7.105655167950752
0
0
0.841965251224966
5.837679397002865
0
0
0
0
0
0
0
0
0.310555297271752
3.531750701927815
24.948056053279586
1.7565624405865172
0
0
0
0
0
29.02236118485555
0
1.787180297529202
0
8.720144085670041
9.329400602369589
0
0
0
0
3.5157034433650107
0
22.722976502059158
0
