0
0
1.4876275880912533
0
0
0
0
5.129864795668691
4.573869705439801
1.7722631692594328
17.96527900962801
0
0
0
0
0
1.8254040158223472
0.9918937108842587
0
0
0
0
0
0
0
2.6171925006872225
31.468391342455543
14.907372872918728
0
0
0
0
758.7679793202233
0
0
0
0
0
0
1.356919440450376
0
0
0
0
0
0.9309346633357656
0
0
0
0
0.07989606654569337
11.916375050024383
0
0
2.8798806876316627
0
0
0
3.760232914302981
0
1.27088624180674
213.08438074776157
0
1.4296012597338317
0
0
0
0
0
0
1.0089328574131033
0
0
0
0
0
3.0179563240261196
0
0
0
0
0
2.699613192861318
0
0
0.8514171193915797
0
0.8459681623150146
9.527117671326652
1.979645508364543
0
0
0
0.4882173568232654
1.0449423722846523
0
0
0
0
0.0448947472720721
6.1410414249158425
0
0
0
0
0
8.040907557840496
0
22.840903901684392
1.455004462625419
0
17.854696749682496
1.0755770006040775
0
0
0
0
6.451247492121835
0
2.5915126127192947
0
0.9086778157478804
0
0
0
16.59725284303454
1.6919790085647493
0
1.7682415447064224
0
48.6263801048621
32.85174644196227
0
0
41.645506150136484
0
44.1071800011055
0
0
8.376887073925682
0
0
0
8.186039470872498
0
2.1017045611635132
0
38.43826094884905
1.0803469801837726
3.3377681025805885
0
0
0
0.28682962109182986
0
0
0
0
0
0
14.174994951515856
0
0.3571888760667452
1.0069425537845145
1.1681085006924234
14.355173132246836
3.4922295184000354
1.429810872658881
0
1.4183668470246322
2.6584536825374823
1.647545174554283
0
0
0
0.8255024325694371
0
1.0894006844945663
0
0
0
0
2.4986231756974213
0
0
2.177665763006045
0
6.281918667634472
0
0
0
0
0
14.69408130353386
0
0
0
0.49517972578805447
4.342068970225445
37.27658758455764
0
0.5682330850624994
1.1388714563100069
0
0
14.726261164764795
0
1.5920968530448278
1.134097422244081
2.6164992015973922
0
0
0
0
0
0
0
1.016353615185949
0
0
0
0
2.602165599618404
8.571487282691713
251.54905092271756
0
11.699451242491218
33.29892230722746
0
0
0
0
0
0
0
0
0
0
0
1.0797754232014967
13.082880739754561
1.487952310068458
8.905589932295387
678.0585835752838
0
0
0
0
0
2.1830604098000204
3.2477917068600117
65.4999904345957
0
0
0
71.05117751692295
0
9.160484826990754
0
0.9895608969983455
1.168868559358301
0
0
0
0
0.5564894312442027
1.3399535222565548
101.50274509008388
1.7106189389490098
0
1.7600366550294635
0
9.685967159788234
0
0.8501069111215751
0
41.3360436609271
42.8552170944545
0
0
1.4310969168349188
0
5.354138140656627
0
28.879199307888985
0
0
0
0
1.3251707344704322
0
0
1.402278395783354
0
0
91.56768468144683
0
0
0
0.7253830871758442
0
0
0
0
0.08653175159684245
0
0
1.0202040626873516
0.43655442479088746
45.37125347737808
0
1.8744963167798714
0
0.7537690044794252
0
1.507839815703346
1.1058073199364882
0.9857022564799088
4.474949565610386
5.458920785318272
0
0
0
1.0062931313187449
31.565907659739395
0
2.4066137260229388
2.54630745934195
0.8847027664896817
18.233725085309974
0
0
0
0
0
0.4089910517064035
0
0.2731041028172483
44.219558721365225
0
0
27.984597778506966
0.8241734336642106
0
0
2.2264431433170433
0
0
1.138754407119604
0
0
0
0
1.3568768720246767
0
1.5009547144710127
0
0
0
17.080957194514983
0
0
0
5.231877223493406
0
0.7526236392033712
54.26521932625598
3.9596873400918167
0
0
0.4182527832207553
0
0
0
0
0.9714004150497716
2.3651410975866565
0
0
0
0
0
178.60661821235516
8.2406545787731
0
0
1.0315989246708552
0
9.362286205137318
0
164.5300510625955
0
0
0
9.339511359471697
0
18.31762716568713
0
0
0
0
0
2.0329022937164694
0
3.6743263945318985
0.4171763055213922
1.751384006043981
0
74.61244955438578
0
0
1.1652612736974142
2.4650056644606915
42.0674061483223
0.463605861447114
0
2.4072534319630314
7.786369115358813
0
2.783498852099859
0
0
2.921562871496808
0
0
0
0
2.532473109854193
0
0
0
0
0
0
1.2862036146775275
0
5.108748297939218
0
0.3846205926211653
0
0
0
4.737141287654024
0
5.7678892636316546
27.853568451593972
0
22.822310010757615
0
0
0.6603547173502371
5.503512585911484
0
0
0
0
0
0
0
0.6863578878672297
0
0
0
0
1.122347465140784
0
0.4083634056184864
0
0
1.2365928414987326
0
0
0
0
2.3964866468323773
2.688942893061177
0
5.56898944644588
0
0
0
0
7.083016945707686
0
10.275629173014998
0
1.041684449715647
6.0620485192246845
1.2430170379846701
0.9504819567498423
1.6644743193231335
8.25767213371892
0
0
3.235798867584111
0
0
0
0
1.0194399781829477
0.810197880446841
0
0
119.3578928815294
0
0
0.23619902911931567
0
1.8665223313943797
1.8505502746097608
1.3238819180691757
14.195503129278302
1.2757285576478445
0
0
0
0
0
0
0
0
0
0
1.1556157801852396
0
0
0
0.07650701014743899
3.77459189279298
2.8810231763230947
0
0
13.335650327284156
0
0
0
0.5080577690219115
0
3.292155655105872
0
0
0
0
0
0
0
0
0
0
0
136.73031204254272
0
27.206417556425535
0
1.3465906555841403
0.9147391855057377
0
0
0
0
48.342711628358934
0
0
0
0
0
33.11806911203853
0
0
0
16.808071647616448
0
9.541232541762428
0
0
20.981480532264282
0
0
134.99969121503364
0
0
0
0
0
0
0
0
0.3777813599572225
70.37360695069556
0
0
0
6.664484922956149
2.3296516844441104
0
0
0
0
0
1.171271871735352
0
2.176379676976499
0
0
0
0
3.3023288248674723
0
0
7.8958657863591775
2.1523209186193744
1.7531582320122148
0
0
1.5977315031553665
0.8353488810949925
0
14.27714802412025
0
1.181206084144093
0
2.279222755261466
0
0
1.8135616269152668
1.5209767468059163
0
0
1.4560852434916465
0
0
0
0
0
1.132882720759564
6.244163962278113
0
0
0
0
0
0
0
0
0
0
52.2801899729892
0
0
0.24619829275419292
0
0
2.074728393857603
3.333531396256252
0
0
0
0
0
0
2.4425701421354304
7.001863738463034
0.3498304990725325
0
0
0
0
14.483530434283315
0
-0.02089279775507835
0
3.201331737444506
0
0
1.3547050491639305
1.489964238249993
1.2233949265260964
1.7010728895546054
0
0
0
6.106767595159889
0
0
0
0
0
0
8.736401996517758
0
1.9066199795373877
1.353705983534172
0
1.740198167249231
0
1.9330147564408573
0.6571335407699455
0
0
0
0
1.2676345269095783
0
0
3.646174943067276
0
4.657558104285118
0
5.811703362004306
0
0
0
0
0
0
0
0.6837440912903183
0
0
0.6575937555453311
0
0.5398766880468101
4.465785093638791
0
0
0
0
1.1570818132207825
0
1.6721991126136757
15.547158224566475
0
0
0
0
0
0
0
0
0
25.35161543083473
0
0
0
1.034063940526117
0
3.1046797204649805
0
2.3266117793606225
3.9645127216823304
0
0
0
0.7491541201505679
0
0
0
2.401479550209814
2.9478936334787296
0
0
0
0
0
0
1.8508797196955524
0
0
0.8353239145957496
0
0
0.8028357648713851
2.0199167911247677
33.89573283023965
2.4439326633371365
13.180486637443233
0
0
0.9185819885985252
0
0
2.030055980395822
0
17.966469823978617
0
0
0
3.1053321401308027
0
0
0
0.7299022968585034
0
15.821926930570696
0
6.950566133548152
0
0
0
0
0
0
0
0
0
33.620732139969874
0
0
1.533087354386451
13.782537681756047
0
0
0
4.622686659676047
0
4.219838707581138
0
0
0.5380639575428033
0
0
0
0
0.6405177499311309
0
0
0
36.51104056628033
0
0
0
0
0
0
0
0
0
2.1630682096818004
18.161027075911335
69.27242147043191
0
0
3.1221130755839273
0
0
0
2.749906890353868
0
5.2597742954097555
0
0
0
0
0
0
0
0
0
1.20808538730898
0
0
0
0
0
0
0
5.546666864037428
3.131567838948511
6.940180036147046
28.979464009907606
2.10788627927774
67.5831145382764
0
2.1295069301923735
0
1.0422970623915992
11.799753789503702
2.6986616234877916
1.4043900608306368
4.559127306658383
10.056261261229894
0
3.3193930153633526
0
0
0
0
3.172322414267487
0
0
0
1.9052027839985222
74.65572020347025
4.3580918813705525
0
23.42921597545819
1.3938770954163453
0
86.46543669533072
0
5.673545799628312
0
0
0
0
0
0
0
0
2.829830597229619
9.684064900054521
0
0
0.6599981157654534
0
0
0
0.754092816450276
0
0
0
0
0
0
10.697582559082816
0
1.0619500104608182
0
30.290709260789104
0
0
0
0
44.02839280672896
23.042261816202885
0
0
64.34201588590213
0
0
0
6.61356646630808
0.5061875240239768
0
0.5218393842229081
0
0
24.158644656288526
0
0
1.0436819829871768
0
0
1.0782662672554975
0
0
0
3.3959484261252624
0
0
0
0
0
1.7447161426807642
0
3.314173999029181
3.4570753602614426
0
0
3.4480690152703697
0
0
0
88.63230275862738
0
2.9989465911034037
1.3836359859195686
2.7558575692121856
0.8785009135124232
0.6407713255289993
0
0
0
0
13.85488517350907
0
0.7637440207144561
0.7949105419979895
0
0
4.504531779108369
0
1.7374541487859196
0
0
10.578618484398827
1.1442887566605873
4.922836199782216
0
0
