0
0
4.396904277366886
0
2.4816626153968295
0
1.157121678135769
0
0
0
0
13.750210501005787
3.300524311543374
0
0.5784265488755422
100.23431586185482
0
1.7475729113238423
1.021670253636367
0
11.143486620002527
0.7493784821088596
0
0
11.199424427249255
0
0
0
20.83070682347661
3.119023220651462
0
6.88807243861869
0
25.183777506198723
0.6886696472806736
0
0
0
317.5506827801055
0
0.287107669088123
0
0
0
0
802.515758017433
0
10.279903109441305
0
1.8302143693229642
0
1.3221087752107166
163.4383633952619
0
0
1.5265794371254835
0
0
1.1791384203864927
0
26.948913092122126
0
0
0
0
0
9.473852057782569
0
5.727672486332132
0.1843598065955666
0
13.155162790616998
0.9521157674678284
155.15938184383748
3.130340395162809
14.114528448640572
0
19.653478058013178
0.18097593044983828
0
0
4.237118918084637
12.226236334847071
7.426064295169786
1.5860261554461204
0
3.7526871477924533
0
0
0
1.8824812967899205
0.875660220474769
0.7749866685130229
2.7299727493866888
30.584145136107573
0
0
0
0
6.676661243527553
0
0
9.359985240874511
0.7403078815556781
1.2887835177846716
2.104652398023317
0
7.661967295330781
2.5268061649853544
3.308356942655892
1.7867190834158673
0
16.1271277605495
8.980475599669472
7.86077422124298
2.6828571707577424
0
0
0
8.940810112707696
4.230393234281019
12.756565794259128
2.7995502424229275
6.793095950286677
0.8736728883152847
1.013256712005871
0
0
5.849588858626361
0
1.7038150198583741
0
0
1.1157718191198314
0
0
0.9726236443175782
0
0
0
1.6807492964677109
0
20.524724715645995
0.24442748997269792
0
2.1425798513916896
2.5689395841253893
0.527892143055058
21.378967331569882
0
1.3041844578843649
0
189.44335818824797
1.1542745386937148
21.177899421113302
0
1.22486116884143
0
0
0
0
0
7.825912629244416
0
192.75865557402236
18.74222883416228
0
0
0
0.39667760589308054
0
0
0
8.366973982300012
0
0
0
1.3007905825929087
0
0
0
0.3953334799069399
4.843106500993661
4.005356915127674
68.21725589101776
9.465646365941303
0
1.55820920558281
0.904924454046783
4.260453295513332
10.228027765677512
0
0.44476927688158285
0
0
0
0
1.1837165741619065
0
0
0
0
0
0
0
0
1.8959805257251285
0
0
3.2206786389321667
30.45080364380602
0
0
0
1.0708355463173476
0
5.267661119115769
1.2376924036654413
27.68225615536459
0
0
8.111032229806943
0
1.3665780483104093
8.226680887860043
0
6.083045032137068
0
2.7688697370111814
0.63502344827736
24.725153509720137
0
50.369120835295334
0
0
74.56088324397726
0
3.6289984552142385
0
0
0.5260663857070039
0
0
0
0
0
1.1086570711763999
90.61740348101966
0
2.3097120271596467
4.304380833926164
0
33.70439165053796
0
0
0
64.24845416031533
0
0.21964541092962642
0.5496998860693051
0
21.175367728851313
52.03060268487309
0.14068723718151532
40.779782202556426
0
11.528387051102886
0
0
0
0
0
7.834068013679914
32.4514308329512
1.9114931048291584
1.1637631927105718
0
1.481065449748287
0
0
34.45464410054096
444.64206327595633
0
11.895264296777542
3.6977454220791683
0.6677049515917812
7.357454607220124
1.589060128598732
34.18103388481979
0
0
52.61917831183425
0
6.490624081218436
5.367886198703313
23.643572906925968
0
63.316788637488266
345.3880374375867
1.0492835707912875
11.874379744067044
0
0
1.0487926922057067
0
4.9698888900447376
2.935714418711919
20.86048164737636
48.39536570499949
81.42073330517793
1.592250277022424
23.416271637174148
0
66.02606779739354
0
0
0
3.96950017961957
653.6228109542467
0
30.598390642611992
0.8743915982676382
4.844418916525007
0
87.9202710639954
0
16.79913516992622
3.196916320542915
26.382007462572478
0
0
0
0.5652684982614151
7.360368756325867
5.983347064150244
0
178.37614669679934
1.4653292625095697
0
0
16.993756023596944
1.349239357643599
2.01896557884388
0
0.822358323416572
8.741591033157654
1.8459342860259478
0
52.10378800457894
0
0
3.582639996271813
0.8436413933496525
0
0
0
0
0
12.179993888270506
19.373225573096573
0
0
0
11.523757447457845
0
1.6628912615032485
2.4407076907646252
10.186963363197796
46.3970387074136
0
0
0
108.49400147127588
0
0.6552861410387194
0
46.3282389460506
0.9854422649776914
23.830511176705958
0
0
1.1425532414854211
1.6838335197484517
17.68399784626638
11.123539268733646
0
0
0.7144569802709406
573.3543973881183
0
0
0
0
0
0
2.29261744354377
0
418.4977324644516
6.186738169247946
0
0
0
0
5.314896549593063
0
1.189784082424731
0
0
0
1.5466119463983832
8.85805101442834
3.1205606362276646
4.674166208352636
99.99067758235262
0
0
0
0
0
0
20.14606955326341
0
0
5.604909398127743
0
4.934017143818057
19.4232987480352
0
0
0
2.210652296235487
0
0
86.58835786372015
9.759612998585872
49.990220420545725
1.1631123401695247
1.9683090540542538
4.202349366885317
2.9084601840020614
8.359184026612947
0
10.0520264355367
0
0
12.714474680038464
0
0
5.383373151451162
0
1.3893385401884353
0.5725999797798716
0
1.603563241489442
8.251977564046562
1.9074145813444865
0
192.09562685552825
1.8639115753853255
0
0
5.226288479706588
0
0.36329817256217467
0.8706958175635041
80.3806234141719
1.0561705286938292
4.265425324391109
0
8.673242119238374
9.254773122125068
10.364655611055284
0
0.735642772963774
1.4169555304154544
0
0
17.24169126513451
0
0
0
4.752453125671707
0
1.454257669010849
0
0
0.521261164022477
3.1568178369031905
0
0
2.156045402869141
1.0637268363400652
7.210604050571578
0
0
43.56441157497789
1.7165511371902498
0
0
0
86.49223089068931
4.823902644375612
19.223939796054545
0
2.5254226034613594
1.4474637930943943
1.0321302442322118
0
0
1.8605708705775108
1.2220565459188943
2.0663059310680545
0
0
40.91370051858786
1.3105124108230448
3.1889877459779257
1.0303794233845835
3.601285834829788
0
7.191091220613923
1.1278944574584227
0
0.33087461855161615
33.36107987055393
0
0.4100278222787527
16.39714101525245
0
0.9988813311384273
0
14.479559813372946
3.797443086788271
3.1744289765850233
11.421513584784352
0.5816860778998842
0
27.483716015641992
1.8881406247571442
59.84756869591153
0
1.8878503933139545
0
0
0
50.226000434456445
0
0.8645840341730187
0
94.72680304166114
0
2.296255166210427
0
2.742547439823658
11.663187576018395
36.029642184425256
0
1.2060143286754856
6.596452262268219
1.8078546594570515
0
5.523411450357451
0
0
0
0
0
0
0
7.458369604886671
1.1613565590931048
0
6.752361067727218
0
72.3301437285066
2.1340484330667917
0.5562885564097058
0
1.0667321081119423
0
0
0
7.953674845908145
0
51.181917947086475
0
0
0
1.4056627800159205
4.033720325349153
0
67.99452370343376
10.593658588689614
0
0
0
0.3114662920174821
0.9473357919449412
0
2.051701402187902
0
10.953648962697322
0
131.3855932397117
0
120.23950988262759
1.089519834698834
0
85.56681555565645
44.018801720611535
0
5.4130912128067745
0
0
0
1.259860017543352
0.8772288763988545
0
1.5948711638212665
1860.6796142051098
0
17.32019301780472
21.403583132749763
0
3.0524540863577734
1.2734087427513119
21.11844575140502
0
0.8921271090197053
12.526776048489303
10.679992781621472
0
0
32.438991254843344
0
1.9028864853846539
0.7380378684475991
26.342254903849362
10.372599399033117
3.8877517551406555
0
0
0
20.49245857914675
0
129.0495252543069
6.710835179337499
23.525515050187455
0
1.1504586232839105
0
0
1.6934929529166114
3.194839430969979
6.119169260619129
0.47436206482151
0
0
0.9736282016997627
12.11903683360023
0
30.034195745304437
3.1696881517182662
1.818863044697701
0
1.632833580234302
223.37604943100808
0
81.3184471748174
116.32202225054243
233.8363207591968
-0.13235323377971242
0
10.45487898808231
0
4.653366380496186
0
46.24144222839998
19.28706250616291
13.322173930547402
0
0
0
0
0
4.800074883090481
0
0
0
0
0
0
0
-0.12341809704974693
11.276304417721047
0.4196213774732309
44.53262545380407
0.8660235567028615
0
61.60293990266032
0.4155161529466169
24.572066880307542
0.16247421028300113
3.3889615700240725
3.388930708784582
3.8969851161050717
2.712087564846753
2.161463761968533
11.883798879214183
0
0
54.032392283612616
3.4374938844875214
0
3.31236733448135
0
2.5679972530671438
0
51.09648336576713
0
1.0220837558498994
0
0
0
0
4.731659544076351
0
5.340850621262322
0
0
236.09883582274426
78.03630144731807
0
0
0
1.54387450788257
4.314103141300583
0.5868704347385029
39.82091235256546
0
9.468324761459566
0
19.861530252533747
0
3.773633846151301
0
0
0
0
0
0
0
0
0
0.36010387599270777
1.1511742134800818
0
0
0
0
2.298399881888646
0
0
9.279153383827378
0
1.7324102481959964
13.71059429566785
1.4048276104960118
10.617521345129589
82.4960646600724
245.7415436420165
0
0
2.961503939319405
0
0.1319513714270406
0
0
0
0
4.224182309630865
0
0
2.170293539806738
0
0
-0.01611031752455183
38.646983361697984
0
0
0
0.8992196086767398
0
0
0
0
0
0.7630925903613417
0
8.31836137852738
0
1.2945508305440527
0
0
0.7778931673911881
4.172398532987248
137.23227059268686
1.9323851432288384
2.085240640711622
0
10.898066375409464
1.5007416532676237
0
0.7975032883891816
0
0
1.405880141498449
0
0
0
4.322631384885621
0
0
5.187234371468634
229.3717649525636
0.8269175840452849
0.9664830712670397
16.075021194793187
0.8871517302353209
3.3816631241116504
0
77.35525855341709
4.373429743491382
0.8436764124143488
0
0
0
0
0
0
0.5061484435311688
0
0
4.765618163563639
0
0
0.19867671634998474
0
0
71.51818831949822
0
0
0
0
1.5668509968847237
0
0
0
0
1.37235887736245
0
18.123384180384342
2.5143108980959954
0
0
4.52979270683163
19.7054959804678
0
0
8.147032726978015
11.280221447853288
0
0
0.42559429295487927
0
0
9.906969323724566
0
0
5.233319921755586
0
0
136.1312772410284
0
0
6.7575740532731485
0
2.312321015291014
722.5263883960815
0
0
10.414002130503038
1.0797363586012299
8.160486908649139
7.9458024563257155
1.9462574246947826
0
1.1136664546313078
0.5100046031620145
0
0
-0.0278518725107908
0
0
1.6274946553660188
0.7041449507913916
7.921288201206385
0
0
0
0
0
0
0.5984287126047982
0
3.862380617314715
0
-0.022717635394797986
1.0941667943922435
60.67826137464555
0
59.124712381448965
0.6579677854728403
0
0
0
0
0
0
7.918266107008265
6.769723237113185
14.78289867262165
1.1661911608957052
0
0
0
4.755840167336575
7.788225861651001
35.436910166249135
0
0
0
0
0
0
0
57.44090867880422
4.1357784436457345
2.8951085094162194
0
89.51956447489069
1.5317305387872513
0
0
0
0
0
0
0
0.21692741213735967
1.086553217082466
0
84.53328843346962
0
4.276699617928053
3.0462747197894298
0.7829024628375912
0
4.499100167031084
0
0
0
0
2988.944851349141
1069.0990497447278
0
0
0
0.34399248375871205
6.062794895941069
0
0
21.65276512328916
4.770018630746145
18.45373987636469
1.2856275404968356
2.4211717111970175
204.5665483608821
1.1139019550636684
1.0101438942759282
0
0
38.2364919056416
21.932123246770576
2.9010080600376162
0
0
43.30341537425015
0
0
