0
6.515294431204157
0
22.347243221349117
0
0.6213124248417756
0
0
5.202148201707452
23.75456123203961
3.844470518891832
0
0
-0.12176451534102828
6.559435109506678
0
4.686709384644318
18.252968012340226
0
1.3901834391281496
1.8230978784990024
-0.20758156930629212
0
0
0
0
1.550452424992712
12.64050064064156
3.47710116616075
27.240562552719243
2.435820423133248
320.91423811335665
0
4.124024081084609
0
0
0
1891.2327245146732
0
769.7071776677456
0
0
0
0
5.161324856706626
0.057254031182500054
0
0
0
0.8510226057888861
0
0
67.11801456528165
0
1.0842788712099538
0
407.364337003427
72.33656222671553
5.518332799387631
9.177566423881252
0.1265848359764321
0
0
3.7832731263345254
81.3938230926021
0
260.19376600239684
142.50652196969543
0
0
0
0
0
2.3783245781259317
0.19276826738004949
0
0
0
0
0
10.15760898633187
0.4391305988781635
1.1588080003124273
0
13.645603634439334
3.4075699580432883
0
0
0
2.5997789003389786
12.202527401592985
0
0
0
5.673545475636313
1.6408497352430493
123.77467021088282
5.929980427589422
0.16889918923373337
0
118.2899946783428
0
0
1.605530108486959
0
3.1817343774120292
170.04576127279574
0
0
0
0
4.589959173749733
152.87072531905372
0
0
1.8911976626855265
0
19.06283830259729
28.290748821796775
2.1247118308969455
2.996418222218141
0
0
11.838616030618583
0.653140860655344
5.198025997590401
0
0
181.1274323451548
4.35341668097386
4.192773384101606
0
194.99587852064187
0
0
2.016120222609657
0
3.311896900407124
1.21554858028788
8.034131275224096
14.245423628029032
109.86086507051623
1.4957121726461082
0
0.7431254670342183
0
0
1.9742793376138676
0
3.0117070706234124
0
0
0
96.74487227213827
0
0
0
1.26437830659274
0
0
0
0
0.8499113507478945
0
0
0
5.592738975726823
5.057140381404715
263.3634430604328
0
0
76.3356781393316
0
11.691653755366987
0
0
109.73799288028259
0
0
0
1.0203608471992989
0
46.930792885581894
153.32471412692865
161.3920692843802
0.3684282436514854
5.924897824971485
0
2.4304095183716097
175.3201623142161
0
1.3557377121193777
0
8.305587349835012
0
0
0
0
0
259.77636368659
0
1.1202612334715754
0
1.7647803241899265
109.3150944167851
0
0
0
11.264836888768059
0
0
2.201939739973951
0.4481671015167429
40.78444778454239
0
0
18.400879055617565
10.245725476958128
0
0
0
0.6204518850253823
0.6803785134868986
34.321328829424196
0
15.59125744476491
0.9973753518482161
0
0
31.181263428286424
3.716724781177307
1.017665885389747
4.612041486193725
0
16.801231038357102
0
6.538384387774392
0
1.1196201776804564
0
160.82003217047586
0
0.9371704492988902
0
0
0
0
0.8500777225358277
0
0
0
123.3747993518179
0
3.1581362801622626
0
0
1.559365417756326
2.0867792313133684
0
12.982688165741006
0
0
0
139.34196682116894
0
51.29421868734393
2.4455929214191663
0
39.63966462815462
0
2764.233382735777
0
0
2.8137553209798893
14.207115758762548
9.856255004821131
61.36034118528376
0
6.470585866506383
3164.0734888950274
0
0
0
0.4410262349052817
0
6.406789548810027
0
0.611588598700454
5.0893251279956875
0
0
1.5497146815046774
0
0
0
0.28298841970463573
18.44598120849571
0
264.36796645268197
0
0
9.115095310265781
3.713257311318399
120.86570235268674
0.9865292839752718
2.722119364176737
128.68319134448913
17.878793847625367
112.84675969991287
125.14966219155939
1.882444232190223
0
58.69355151008772
88.1521045534537
0
0
0
199.63966960934337
9.116070124827603
4.1621468830166055
2.316422872867612
1.2153135249321418
1.4163002641830058
0.6626959565718712
12.421240552734139
16.60469046023516
0
0
22.00355892078582
0
2.0485158662674907
0
0
0
12.751227777203574
0
0.9426217969944519
0
4.280898230050347
0
0
0
0.6594187262006348
139.39644369055694
0
0
0
0
67.79410838487149
2.2621209474967046
0
11.208382185613656
2.143576801318489
0
15.926119132831792
9.30326270978083
0
0
2.564813662939242
0
286.62749280055743
8.108416939670697
0
0
3.278366296565258
2.9297303143554787
19.86233850984402
0
17.030870672642227
105.68550059770537
2.8509925893915593
0
0
0
0
5.706747311301312
0
0
1.7002238367256028
0
0
0
0
0.7168926241437688
0
1.3952991438413298
1.710913505178603
0
49.09171870715518
2.7666180226571693
0
0.7899872975652774
0
0
22.051362211901893
0
0
0
7.035896076311991
0
0
0
89.75449439229324
0
217.6877811737187
0
0.9566671934224832
290.6150957146963
0
0
0
0
0
0
0
0
0
0
10.57948741189859
0
0
0
0
0.49232345810192335
422.7777475172081
5.154002308280541
0
0
0
0
0
0
1.351431785651048
0
77.93783759613463
26.21390756271488
1.0977261527063926
0
13.8939667569637
4.219234653633617
3.683087933086859
1.2623507140497836
9.517235604248507
6.519047341969817
0
2.272057740155496
0.15117439333828742
3.4265484849690244
0
1.22378728778255
1.4810982449279275
0
241.5452976983333
0
0
0
98.43306041921596
0
0
2.8028539751508754
89.44257152699473
28.798703235863208
147.7669293715843
15.802437587083334
20.365643308379422
0
0.9390186056801312
6.651948174302984
0
1.0597100242083257
1.1383681265185592
2.284778028841262
0
0
3.571278793154825
0
1.4967197611179692
758.5777630627231
2.4355814563931597
78.55319820947982
0
1.8092800161007512
0
0
8.615124122994704
0
0
0
0
0
11.954574984946333
0
5.337798290562767
5.319582098081055
1.3845557150930974
0
8.555767752153843
0
0
22.298253300118596
1.6349051102076801
0
0
0
0
0.40307610256312265
0
9.276456871110915
156.2801017530968
3.839745845968338
0
0
0
183.03865882201018
0
0
17.834039523467183
0
40.07615444723729
2.5654340098232713
29.188866333781686
0
0
0
0
0
116.15141802614305
0
3.5413153470396015
0
0
0
55.567518654635606
0
2.912869485498107
2.1129584085469775
124.07097829924496
0.5122372335071201
3.6080358471716107
0
1.5149542093916453
0
16.775186255621822
0
8.11589361708598
19.202918559497643
0
0
0
0
0.9465363887724731
1.1694068159890296
0
50.46261692525245
24.57689946613193
54.59731802399621
2.096140346455366
0
71.63497584795704
2.0450653650893518
1.2964703116258869
2.084613471178467
0
0
0.953805249624412
0.9037361599200417
128.6125055302926
0
9.621083219150616
0
0.7914317759564768
9.717178145151466
34.32144218057828
0.8388120781455705
14.349861744419417
0
0
0
0
4.195580167458768
0
0
50.64985040488756
0
0.9264568366149674
1.6092501620211208
0
215.40834739953834
20.818719751280288
0
1.4086268703650249
7.74523994952596
0
69.23596761583998
0
0
0
0
0
48.507242121450915
0
3.989068794925449
9.251346075859185
1.2237578656249195
0
1.8860622661179032
0
1.953401428765684
68.55616809619967
0
0.994497030143401
0
402.3834538468065
0
0
0
0
0
0
9.83801447772932
1.1041882065605613
0
0
8.165188729388086
2.222818029189847
0.9455482433539963
3.6619394203546682
0
16.208105919339843
0
26.927330797948084
0
6.522477858838224
0
10.732254949323881
0
0
15.071829775964778
21.144837889763224
29.09421055234407
2.8429438155486935
0
0
0
0
0.829392553937074
0
0
0
2.0880624555932594
0
0
0
0.847163969227148
0
0
0
0
0
1.1496115095826496
0.0038358178510149443
0
0
0
0
0
0
28.75595009035648
0
0
0
2.126882520935385
0
0
28.196942904112532
0
1.9278696119020062
21.46049603964759
1.8287446724482836
13.317084241573601
0
0
0
86.02616215346012
1.1826717557230442
0
9.9257285294769
40.08173068698213
6.066312968615878
3.731128083164693
17.330889152959866
134.55549609796134
7.552426526242344
58.94746563001114
0
0
0
9.73473379842584
3.8402149717835825
1.5707393972896382
0
0
28.276769504804108
4.519844657405958
0
1.7539866936897914
0.8829310032610371
17.358299670524072
3.773850349831246
7.778045461871441
1.5946923195269114
8.272999062620727
524.4326492586669
8.878319103363808
0
0
0
162.81308095155458
0
40.02806346912458
0.5939799452041774
373.1094890119593
0.3349531592272065
0
0
0
0
0
0
10.251120199876771
0
0
0
0.6530564322267172
0
0.05455166123303801
117.89215609744042
0
9.932982179905181
0
5.873037926157595
0
0
0
3.72137477541304
0
0
0
37.94078247270805
1.558744244791423
0
6.450720244039982
0
9.109605237698862
8.156725961897614
6.503850419849854
0
111.26709174766216
292.4641331450768
3.209798294838497
1.7327123571033454
0
1.0564592483724258
0
4.511829270840302
13.209561425509756
0
1.2598546909620332
97.03853397977936
1.6751102048443633
0
4.163705609434749
0
0
1.0847780384472143
0
0
1.0459509227389472
1.1252702282115385
80.18204946308974
6.285027623674868
10.969529508527236
10.942120212157423
0
2.9186480116767752
0
7.015888547218511
9.117321721245345
0
0
0
0
0
1.6266708226492976
0
0
0
0
21.777238630381746
0
0
1.0026887109370017
0
0
0
0
2.508494455537254
11.104324976894421
137.95289074363941
432.9290660245174
6.267164468988305
1.770378873599097
0
9.438636883045612
1.4751690566120712
1.5873695569262303
0
0
0
10.88582386988035
0.6666110472653963
0.42325444083335784
1.4374174961952075
32.91794431063085
0
0
0
1.662323882505694
1.2188309082398008
51.087681351724974
0
15.963225432206809
0
0.3375391969068804
60.45501431905472
135.31769616259695
0
0
1.6052838831720806
0
5.837384980363092
0
0
0
0
29.273433724718874
0
4.553993856784786
4.098962928634412
58.58487506399144
21.177450748792136
0
0
1.2533345045830233
27.618959333881843
11.834047949001215
0
47.98287986946141
0
0
1.629400860873339
0
3.9628216236337597
0
8.40891964337681
0
0
12.724671818290698
2.3782456828403467
1.3158143331123981
9.623860384186411
0
3.3339148306711293
0
62.521388361318444
0
0.37541651310445867
0
0
0
0
0
4.8400496305305305
0
0.41513574417601684
0
0.6869414362350511
0
7.77723736447957
0
0
2.313948505557662
0
0
0
0
75.490401009149
0
102.00033601252214
0
9.688322532986623
2.7078543241877506
6.541369683867687
0
0.8486294931814117
0
0
3.2864161629735715
53.637154924175626
0
0
16.35776180158627
3.270316695784918
0
2.6058896644724143
0
0
2.8204075526639603
18.85635360215838
4.214205250689435
141.5122771374666
0
0
0
0
0
0
1.2521931553221506
25.35811170553912
0
1.2514884264979973
0
0
0
0.7313622356302901
1.229411139692541
16.97261977813576
0
1.804185711651273
0
0
0
1.3814500628061923
0
0
0
0
0.9751114709999378
11.380661423209046
1.0463897279146819
0
0
3.5303509394626627
0
0
0
0
0
28.149630381222828
82.60954720516372
0
0
0
1.420896851370849
0
10.296094223056244
996.3183088088598
0
0
1.1471724240546712
114.98460053438309
67.00516178279764
0.7988707568279619
0
0
1.5800969947278214
0
0
0
0
252.65879707212503
0.07751564296127245
0
0
0
0
50.53466023548296
0
0.8894569531451562
0
0
0
0
0
2.1651372848927855
0
0
1.936712529927616
0
4.788000740620721
