0
0
0.40072726176721807
1.7613483407225796
0
0.06597012465263508
1.9778424014189482
4.536515169300289
0.16297100263587794
99.34326478160898
0
7.233958770767934
0
0.8830254526939548
0
19.96402609726183
0
0.8951714103326225
0
0
0
0
0
2.490055999972423
50.203292846252694
0.7178706566436539
0
0.7563203953787765
2.3035767655433865
0
0
2.174599004981199
0
0
0
0
3.8084470308001572
2.4639885273358857
2.3824326023401006
0
4.228789436992202
4.569141584948393
23.553745972903304
3.0906108225402176
0
1.509475692552324
0
73.43910495717577
0
0
0
0
0
0
0.2400386237626866
0
0
5.70646415015724
0
0
0
1.8171187388008136
0
8.727380982123343
1.3546192679195177
29.81026580945869
1.8348944063634565
2.084070935083038
0
2.4043944557274006
0
33.58255080812575
0
0
0
2.6569995617508804
2.538099137417278
0.7998798347801654
0
0
2.8102718191869354
0
0
0.3655427660942565
0.959858791820241
3.4987847853885277
0
0
0
0.4496535492586996
3.1687175999999564
0
1.105910930824831
0.9941117613287044
0
0
0
0
0
0
0
0.5087976728223456
0
0
0.6212779259783672
0.29462628392426926
0
0
0.45088798076275693
10.915664173274873
0
0
1.7951646115631208
1.8369945654819455
1.1038965300951002
0
92.07562623409758
7.716589370917721
1.3331032937609941
0
5.728764575641623
0
0
1.8273010920610493
0
0
0
0
0
0
0
18.308890014778573
0
0
0
0
3.47593902580317
3.204642746018796
0
0
0
0
0
31.121989512694135
0.6790369948540604
0
9.235022241930212
0
0
46.330436993317896
0
1745.113381135178
0
15.247718147012552
5.2124215893778585
0.4284723131269632
0
0
0
5.341018155334664
8.729824188577
13.290044709811816
4.050807822473261
14.406404986170106
6.571234629324934
0
7.907438643798972
3.328823004954404
20.60712476386394
0
0
0
0
48.28486516184134
0.9157055558719012
0
52.18220430419048
3.587420459785667
0
1.743740109266425
0
0
0.3900930264554623
0
0.6486895373029977
20.641865259351178
2.0397986606599354
0
0.25314529503474825
12.44631806505823
0
0
0
8.810643678645487
5.567774181956979
1.2352326770582371
0.1943677305456859
6.359987693967714
0
0
0.04859311346345174
0
1.4156392561323385
0.4829448577401456
1.2429644539066935
0
0
0.5255743676997569
0
0
1.8182145943569195
0
0
18.99594462560582
7.096673083028528
0.5105679360639291
0
0
0.49102876168097154
0
0
52.63184956035355
0
6.2857774238433795
0
0.9960074067370437
4.55437746312805
0
1.0460660445097765
21.413220098387733
0
0
0
0
0
0
0
3.1097762490522793
0
0
0
1.5905891501642722
0
2.614348688358626
0
2.6377860843049605
3.335267522535615
1.5626871308357129
0
5.346570827010691
0
5.908650145887549
38.49274784903615
0
0
0.9980987846364769
0
0
0
0
0
6.7742051749747985
0
1.1080658529010736
0
0
0
0
0
0
0
0.14239242826422116
2.9911620874995193
5.517399601321406
2.305022343399143
2.2238918882316954
0
0
59.139316906434466
0
16.671490254275707
0
1.9163066762195675
6.707005572824294
1.6393143866544424
6.728025211904235
3.1129740153721186
0
0
0
0
0
0
0
1.9069516162233902
0
0
0
0
0
1.8065314458470467
0
0
1.0421090447249406
0
7.347416376634982
0.7889672459764806
0
0
8.325748762232484
0
-0.5376009462812441
1.1454256419313138
0
0
16.24539402707524
0
0
3.374022122928985
0
0
0
0
3.346128961727458
0.48720619541964993
0
0.4782816660845306
4.43996840554239
0.5043878492756908
0
0
0
2.32656124075776
0
0
0
0.9376761446565213
0
0
0
53.05074068538317
0
4.956266891279586
0
13.32095231013513
11.712335943335775
0
0
3.332047482171876
0
0
4.115464624811639
35.45693264718627
1.1801903700885215
0
16.32804212398751
8.594575456454209
0
0.09471978531333836
224.42673320179512
0
0
0.9113224281524566
0
184.7699111469513
1.8101287848990253
0
9.779155075893964
0
0.4400122239680119
0
7.852134299750908
0
1.3155210396775208
0
1.0179387606616834
0
0
0
0
0
6.970340104664773
0
0
0
0
0
22.690313637690288
0
0.9083420908025597
0.04913127503444603
0.8686480230158857
0
0
0
1.6429879062792847
0
0
1.0894465461212395
0
30.322915174889
1.390216253007077
0
0
3.9210093243475814
0
1.5019353278477585
0
3.4767499064015057
1.2277445207398523
0
0
0.1850821712962214
0
4.402933813074104
0
15.15288628457656
0
3.094656413325243
19.365806489224944
8.54520188094633
0
0
8.166358131993602
16.795426240799493
0
2.328002584946863
0
10.518718254771537
13.870123279581195
22.689818871751896
6.734757276692141
2.709683853704875
0
3.239089264390267
0
0.39762453940094655
0.1724498551725271
0
0
6.015440831202967
0
0
0.7664326941807144
1.550307982419333
0
0
0
3.3015730416427767
3.87394010289705
0
0
0
0
291.31601583865995
0
0
0
34.979996551082614
2.451999724047834
0
459.0621065023068
0.6514079647353186
0
0
0
0
3.1186590194506874
0
0
0
0
0
0
0
2.210642432292601
87.95317513779781
0
53.79429954463107
3.0947898087143138
3.736657954980248
1.200345511906882
1.1726090386316814
0
0
0
0
1.0737436257207509
0
0
0
0
3.174108716659867
0
0
0
1.1938860359451007
0
34.794772059480685
0
1.2134130952582316
5.257473646378357
162.35654557565923
6.165142637552785
0.8747710380762868
0
-0.16325807266604264
0
0
0
1.2568658396986403
0
1.4891345370734075
0
0
0
0
0
24.399321420864496
0
0
0
0
1.9063581774800733
0
0
0
0
1.0642840509643372
0
0
0.9804765380586231
0.9776114840381073
0
4.493061271028589
2.5951516494427755
1.2915716766369687
4.76744436829223
86.5745214667881
0
0
0
0
0
5.6691217999040155
25.588336985037827
0
0
0
0
0
0
0
1.0742425976349719
0
1.7415742921909547
24.547021146758727
0
0.5920262179562049
0
0
0.6302220002525096
0
2.299446117821259
0
0
0
0
2.1589689875556157
3.598528403831478
0
0
2.35660500235093
7.398844902725682
0
0
5.59599066456233
0.9710823936880311
2.1860953772511333
0
0.6991421235029182
0
175.23423554491657
1.7107906378134121
28.56552406447075
0
0
0
0
0
0
9.890410817375464
0
1.162260947659492
0
0
1.3521945992042088
0
0
11.875064517323437
0
0
0
6.855065745207957
0
0
0.13847119894761584
1.0538977647706442
0
0
56.382694922898374
0
1.8176858703805063
8.621238490312352
9.665178419805862
0
0
0
0
0.5996675307001067
0.455024193321642
0
1.1293716475806241
0
0
0
11.437188090621422
0
0
0
0
0.6130060603795311
0
0
0
1.0016841188898442
0.7622979131895703
1.1229466805186528
9.426105586287576
0
0
0
1.385299708140761
0
0.9334272246296832
0
0.9362592479707788
0.14593268342229526
0
0
0
0
6.6501620735712255
0
2.7304545230287407
0
0
0
0
1.2671300877289986
12.581784420945654
0
0
52.960864077787896
0.8430801264501937
0
0
3.912024241297916
1.4833640504662895
40.62180896865751
0
4.12751130716981
0
0
14.579886878627155
30.626397685686044
-0.1343139598764831
2.0350317668664673
0
0
0
0
0
0
0
0.6179691498263918
0
0
0
0
0
0
67.45320562825452
0
0
0
0
24.287536009837282
0
0
0
0
0
46.785708243424644
0
0.8570117245616674
0
2.1997987856114025
0
11.884336178772092
0
0
0
0
1.1940555353741198
0.74550318600234
0
7.468178295776546
1.0677866869085622
45.619309796475505
1.3530319719425674
0
0
30.722043829693646
0.0901000742596566
120.61778033415982
-0.08070307665578502
0
8.34491304739101
35.4499056802788
0
0
1.2192043893710387
0
0
0
0
0
0
0
0
0
188.92429075565758
0
0
0
0
1.4427477668203141
0
0
0
0
0
0
133.61986547499743
0
0
1.215160679266447
0
0
0
0
33.120961380010336
1.6289972004513875
0
0
0
0
0
1.007416314133599
0
0
0
18.4562449859646
0
6.806569923909341
0.8789356892370006
1.914732234443516
0
0
0
2.851144871587219
0
0
1.4275582588584665
0.5419403333142654
0
0
0
0
0
1.0263932951085875
555.6621924750563
0
0
0
10.924366614022373
0
0
0
7.28165646330695
0
1.3020705981091052
0
0
0
46.3268797780756
2.7575601666968224
0
1.6732703070462405
0
0
0
0
0
0
24.820540119668255
0
8.502895916585857
-0.094081108386604
4.336788194848574
322.80207527085264
0
18.74598316946617
93.10859595273382
0
0
5.5485501367138035
18.258064878214224
0
1.287982127029213
0
0
0
0.5382057039710704
0
5.829900882143241
5.642666394786337
0
1.7783741946470946
0
0
0
2.4913742617911345
0
0
0
0
0
0
0.9386378431824889
0
1.9926888235761497
0.6566905478227637
0
0
4.129453911715686
3.2110532160389416
0
0
0
0
0
0
27.00058603722458
2.0492518351480298
0
1.12945327048245
0
58.0010417175123
0
0
9.131342711658089
8.732337241288974
0
1.6976850652471498
0
2.4512150987286474
0
2.1788315634736026
2.497882394626413
0
2.5868404604208477
36.64686474963841
0
0
8.738108592290303
1.5315790040466997
0
0
11.174671694336572
15.330888019203218
1.8384857777888162
0
0
0
0
6.00716380271137
0
1.4142463271452828
0
0.6349276052325018
57.01734310018382
0
0
0
0
0
0
21.6888400245887
15.876029549966509
0
0
0
0
386.8605260246031
4.517446312076973
0
5.390919759224422
0
11.46905341491083
0
0
1.3438318734389783
1.0519870252315195
0
0
0
0
5.226261566788903
0
0
90.04348132527
4.746213500731893
0
0
22.80926581147469
0
0
0
0
0
0
0.4362916423113179
54.46295771221384
7.233007556231657
-0.08973416533468859
1.5033959534235053
0
0
5.358858622534685
3.685812160239888
0
0
0
0
0
0
0
0
5.302005844798321
0.7052356016372543
0
2.6296950767752403
0
27.994580575377014
1.4370301552293268
0
0
0
0
18.21541325031947
0
0
1.0767913399508073
0
0
0
0
0
3.764038900419596
0.7856389864000125
0
0
0
35.82823359252807
1.799270394553897
3.277547522981365
25.684758996595583
0
1.9766777728562086
1.0971864916203853
0
0
0
0
0
0
0
0
