0
8.019121874742586
0
6.245475718586842
58.90468855582344
5.516943771189899
0
0.544644450030976
60.797604039141056
0.5543070267830474
0
1.857611613621676
1.5858095316031284
3.655060301966049
0
893.7106153265378
0
0
32.02761904139016
1788.7043953625416
0
0
3.9207001777891466
3.186417282935108
0
224.10906111469612
2.913928991981378
9.560254748687667
3.3283538518263716
0
2.664648280973854
0
0
0
2.398033474748752
0
152.30361655073307
0
11.659175494629167
72.86736862178631
6.269074210611227
0
2.039848733670138
26.238694367711734
0.7674673606133606
1.1420249166416343
0
0
0
0
0.8405474628127676
6.668873200965468
0
1.0229444457850174
0
0.579410200042142
24.184585655672098
15.058985947943228
13.31713240621284
0
0.978045020039786
0
0
24.211688505738177
0
1.3669725673236415
0
10.014758463745121
0.08467696176128325
7.808985284226068
0
0
0
7.824060924319506
0
2.038802815355303
0
0
0
2.4819564221140786
0
0
0
63.38484747791435
14.412617016021073
1.514238788353514
0
0
45.11958435026285
183.2754081721525
1.853120755962036
20.941943543005067
0
117.90819823821204
0
94.94868629759056
119.63861976740456
0
15.58172768732503
0
0
3.3118472297607147
0
50.16252206458892
245.44073305663713
464.24334472649025
0
0
0.40054705838361304
0
0
0
19.12964732301006
0
64.73670637671388
14.74831745394902
1.1986827560254862
12.146264015600401
0
14.007440824154793
372.5600848228688
42.22070942854535
0
0
0
0
0
0.9898031936503818
1.0858055740274322
219.9064251784098
2.9005648268978774
2.912694841892264
18.08806747406386
0
34.476284040274116
1.0664046098233757
0
281.12431848966816
178.23756478812004
2.2838459989578324
1.0195937747077202
0
0.6261409481298346
0
1.172109790630522
0
26.096660659376653
0
0.917149192804272
0
858.7800060292515
144.89189417833805
4.4039572713045665
0
0
9.629948290158586
0
19.388796270304645
3773.407067479549
9.733472181617058
9.157469352195456
2.5616897280611832
21.773718204426668
0
5.217356134722707
0
0
2.2848957665152962
54.30440663036036
0
3.905512310202905
4.1515655975136685
5.331659257568479
4.3410197223913
0
2.755669169123404
2.328393202694884
0
21.24859494026514
0
3.1241529097217398
2.6141500088253524
0
2.1329353718124415
735.9444292285253
0
0
0
4.868504507419218
2.3661213235290846
0
0
0
0
0
5.298678873382174
18.13953800905199
0
129.20588261725015
38.4260061413551
45.268947138159774
1.35961779596249
2.2438227093891827
1.705952669310042
0
1.3618798140028034
0
16.69961331316216
984.6509712004129
140.0145490611095
3.845405719921365
107.49329199214283
1.2350624227837126
1.60443815010874
1.0509519991728655
0
0.9412443874532203
1.5546263687898065
1.3544400681434663
7.64325208519784
2.8479412060328815
2.5469166871806093
0
59.884844424902234
22.918578064573044
0.8267931796122395
0
0
0
0
0
5.699696224242877
10.451877273775874
0
0.2861229381263378
462.3504268753337
0.31594410818686025
0.7548597227549882
8.45194389040168
4.862616508604548
125.94989658178048
0
0
19.592979060038527
2.6500045342667393
0
1.8040848405792849
0
0.6905372042350242
0
0
28.79351967078044
0
0.862842004864795
12.267341050270659
0
1558.190814945919
25.52038133925012
0.5829495505324749
0
0
0
1.664723254586939
0
155.5978304904521
0
72.87556061734414
82.18119531323885
18.16716562546607
33.77776473073347
84.24207355294403
0.6849725297525051
0.6074418901056768
0
0
0
58.151078372574624
216.22248231029656
22.0203155711458
1.2910942738133753
0
13.540098059755213
96.24256626819627
81.86720422967602
19.522274919558242
0
0
27.855202603405047
0.9028263104814931
0
2339.4196737753837
0
0
0
0
4.75789708359526
40.466894335169194
1.0916616389945142
1.9245629989903072
0
453.08603480587203
365.576658282198
0
2.798816504733663
0
11.74326431427648
2.2052600232827433
358.0098031402801
0
1.6389424465622966
3.986490794800261
0.9193450749000834
8.781435696913679
0
0
0
1.7034501187445104
0
0
0
1.391247682935754
65.54623111578849
2.099797457920863
2.287775549300184
0
190.00348797710257
0
0
587.29077802521
0
17.333493322973816
0
273.5710955626535
0
581.192969816453
0
0
11.577053578682913
0.5986793380807138
39.422572444069594
1.134139312167636
7.61666421582183
7.151649872345104
0.7794058808070164
12.147953621770913
3.940017598980855
0
0
1.1747881328521417
301.3129903831921
5.503728653263118
0
0
0.809172808491283
0
31.50464643619645
6.219488256126974
0.571334077812852
0
0
62.99118489555317
0
0
0
0
0.7280416276997375
0
474.075152395103
13.728539090663968
1710.245323834427
23.28058747542167
0
0
0
0
0
112.48676659268833
33.98641698212615
0
256.5636189196844
0
59.242499891254624
35.90872863581493
0
15.837498597784885
0
0
2.941564873445342
5.89866639919657
0.45217945786566005
1.2612861185152697
0.17359058673725436
0
4.680674731048198
0
1.0261898673559695
0
0.9922071760716571
1.6567956068272474
108.74729034079249
0
361.45440870409385
16.70048315443096
0
3.8632155691885828
442.0824260897399
102.49324804528946
0
0
0
0
14.595519154681185
0
29.4402034603294
0
0
12.778929263434526
0.7266287377845897
0
1.1323425333990884
0
14.386899411053914
0
0
110.91614686654859
0
26.497265017381988
2.6542764835860853
2544.4585227020953
1.4028772758192625
0
0
36.15321939881778
0
0
0
0
5.011379137223134
0
1.4816593445955413
5.203480716122692
0
0
0.5098016618059311
11.256114017863574
2.071740451152398
673.6323016335093
68.518027615155
7.649432018698827
187.06914773653747
0
0
0
2.725302652150967
3.6729147998427076
0
0
0
70.39077945577448
60.628934935864976
0
6284.260387822048
0
0
84.69466565041272
1.6363558761614119
3.829737342946704
1.1446363281493148
0
0
4.118889220773216
24.60035151144726
1.62044494007263
0.4110871422808138
0.4785283808935904
33.710401662575954
0.062128994047904174
70.56843779951436
0
0
1.357016397863652
1.2847580370956402
281.0327143090176
0
84.87123415591255
15.968532886476483
0
0
0.9361966227365938
0
0.8768241372177475
0
0
0
0
0
0
2.3720239988748606
0
0
69.56857876785597
0
643.3299122332004
0
0
0
2.669611884641154
0
4.130915734225617
56.30316650399595
6.997742838327226
0
103.39160118798851
0
94.84876150693971
19.236608625911327
0
0
2.2180301460013725
4.795637668834733
0
0
40.29727440870646
0
0
0
84.47389836021794
36.023303162695214
0
7.69552845862723
0.7554626683718225
21.267390060378997
18.14245585080467
0
0
0
91.21614608948454
0
0
0.7732601235790989
28.558040195314284
0
0
0
0
1.759249194565544
0.799048857069412
2.800586158073101
0.6195781504913191
0
1.4646078396853313
0
9.480320857704756
6.062324456235295
2.124941075771869
13.729346431663807
2.3201546983314065
4.006420591961735
3.7814240453801755
0
85.67103338370485
0
0
0.7030874977573327
0
94.36955861859308
4.946714621868173
0
4.3732531374918056
0
1.5230977183867944
0
134.79405641826105
0
0
291.85069029051556
48.63180716213285
0
0.945380196198314
7.901507382692449
0
226.4096435054442
0
1.118191812747564
0
0
107.42417083816513
0
11.100190898843051
12.842317624805126
0
2.3584074780736883
0
0
0
38.18321063917731
12.81682854500092
0
0
1.575758720453694
0.6765367595024381
0
585.3976582486617
0
5.209168091205207
0
14.08517255655314
0
0
200.61779606369757
18.562264369616088
1.8285819630417364
0.6313258213871753
97.54640756126521
0
0
10.23082792590494
82.08847982791606
26.874332227830187
0
0
0
91.412888986716
8.096807412555656
5.07576322182191
326.1684118028371
6.23128324378869
0
4.153014198727317
0
0
0
3.1127042870920274
0
0
2907.657635418461
5.250726544674252
1.0401627204341775
124.66277245199888
0
0
575.7437618753717
0
7.519876125456545
32.57210398846887
786.4973243340265
0
0
3587.27618488965
0
0
0.869787796167774
86.65084319491865
19.374598727097496
0
0
4436.3237595751525
0
22.353446624861906
0
0.9494156130281818
3.388969208256706
1370.7673255320092
0
123.97653414482366
0
2.768893323313662
74.60864852175716
183.53313480423947
2.564584945860939
0
0
0
0.9695667925379934
1.0731380476524286
0
0.6856846568392703
0.7842065761748744
0
1.2458319143868302
11.72881728407813
111.10891630175556
0
0
0.13013766835625185
0
42.837281686865076
1.1256601554594297
0
2.4732025464352323
0.7187567023697985
109.05357293080593
4.468139162823831
65.0313095731236
0
326.37293931230164
54.663810061856935
26.47374575650085
0
0
1.194735096602174
15.734992156314203
0
178.09416298432603
0.9816329953240406
0
6.312538459853631
0
0
66.68631691964251
0.8406032246333597
11.102436907321824
0
0
2.124912287753135
2.808154540466653
19.741370500948758
0
0
343.27246296339587
0
0.9053166160538433
69.77678796136256
3.0632662781420614
1.2525737557419334
0
180.30969565684705
0
247.72639084880575
0.2774324539511096
29.769714110855748
1.4421137387901555
0
0
0
3.005150390122875
8.343201393147575
0
1100.0145304676216
1.2307581799071823
299.50908776412064
0
5.280308595798331
116.65086254486313
0
0
28.339728599156334
0
0
0.34004195722492037
3.0498585096850106
0
11.113988398219085
17.664611533108328
0.6477913380755886
1.1576766296600833
0
0
435.18407229096067
2.3852009359368243
86.81514689360368
0
245.74908840119429
2.422337372337412
0
53.81082285379878
0.3093439942768097
122.6097261127991
0
180.06221737106824
0
0
7.270906591536493
0
190.8079303227444
0
0
0
1.383278422541106
0
0
4.23981754064306
0
0
42357.98808515894
5.9651710531967
0.2652262401989326
0
1.2986709447317868
22.715208912566997
2.012889582661502
0
0
11.314096630541815
57.04497181444503
0
0
0.34848337147200403
9.047545553096267
0
3.9546010922842236
0
233.10519927459188
0
90.7506975791765
0
0.9741773590100572
0
0
3.8699120424010816
2197.8480209524696
50.70016675676733
25.044188549689817
0
12.5459457300926
0
570.4550815323627
16.629893480570487
0
0
14.152137682745973
0
13.514961014127987
176.55143591852135
9.605989703140825
413.768825522539
4.463810654842419
0
0.7145721575501932
0
53.17333470751607
1.1326472811749813
957.8331832250194
0
116.08391634773064
12.451314049648888
17.393172652862713
1563.8181939840867
3.1663983068422468
0
2.846982686125687
0
1328.8104321708074
0
3.6248937290516565
4.2575334011684784
0
18.124104142088726
88.5346408922594
0
1.1594328525072592
0
0.026553770614712868
0
7.575063424484306
1.7350632786410158
10.258462045101863
104.42565537921051
0
0
0
12.182203620266039
0
2.4339973353720463
15.039600243854157
0
0
0.5032734063099187
103.27859422910403
0
26.68672633171667
1.7258723024880078
0
0
0
0
0
0
0.9005102489107644
3.555846574509758
2.144998163762142
0.9300826882315724
3.1236406895686386
0
28.38616177471216
10382.581200916433
0.5631840409351032
15.541165812836327
0
9.429900765574912
2.2095887333380055
0.44220691552332436
0
4.556981569015155
0
0
30.229476758310035
0
37.76413783340346
0
1.2009716572497153
25.45017629932388
0
0
18.818416757715895
24.42856234206835
0
526.4552236230882
0.76184567693263
39.932423310160786
2.1866918756614853
0
10.304484460689142
0
0
20.13879557301752
20.512982096601274
0
243.48474359529519
0
3.217360206486395
6.903249060809561
0
6.0792408611444335
0
0.6262988668215961
0
0
0
15.974180139882707
0
3.368319242876745
0
1.1148510766217208
6.164329949432256
2.591632885070804
1.047185804672745
0
0
0.6284118551749646
0
1.884987720826215
0
0
29.757979838936738
0
0
0.8260017762672913
0
0
7.743856294759248
1.151910498375777
5.107263163721216
0
275.7277630034254
851.6012101382115
14.825160905040635
1.9960799529085707
0
261.1442643499166
18.963756688552245
1.2768819041787953
0
2.2241576204611317
0.8616942320685465
0
0
1.3035591587638233
0
0
724.7858775979687
0
0
0
0
19.83622831657628
0
7.188902181271535
0
0
0
60.53659014171678
0.40584772996527685
0
0
259.74780677984904
0
129.7989200001881
0.8457632638069393
1.0618602269664237
0
0
0
3.5177285421660183
10.67925310807729
1.8946160403623682
8.798072112878014
0
2.1960282600043604
17.62502740142506
