0.7271228570176254
0
0.5021338447123671
2.3008086643938244
0
0
2.8952134052617247
19.968035678794813
3.6206682060809925
0
8.609691014426367
2584.5490047534236
6.745463512933562
26.326067873861412
0
0.9781656968776404
12.288362589140368
0
2.5112517523086644
9.664546059828421
1.13454936927947
3.5753366336563017
0
0
27.5970293142436
0
2.7427036987644207
0
1599.7541310157808
0
5.356224859972956
6.0118316868829185
0.43595747756943637
147.92953765004674
0.2901053125676786
2.1236107734912464
0
0
1.8419233952427738
19.987133765142794
71.67492854964945
0
0
0
70.82988908133932
4.10688697661009
3.037896160092796
0.5890206823944454
32.58425499325829
0
5.971530573631927
3.167255180231087
4.057855536241011
0
10.221526732771222
4.737328241348822
58.5982512563794
135.86566015067382
2.9894596111128062
3.970353217601882
77.14748944086378
2.153431626155924
1049.2454642545024
4.986780158526846
427.4124622545304
0.6424048484591652
0
0
0.9496057164956309
0
1.791422512555921
4.510760654646947
1.085583675346816
32.662886851589235
2.8327856174065023
7.268187283347493
0
1.6863441891222697
0
0.8715632576868806
0
8.767307401793117
289.3409431666591
0
0
0
0
0
178.6172349309889
0
0.674564898672986
0
35.420241074008686
0
0
1.7468915089116934
0
3.3582126945495694
0.9125275159903892
4.158827735268336
1.1978393190540069
27.62355762684092
334.7412013512837
49.38845292087176
40.810480512866484
0
2.5540569203250914
1.6237190844669778
0
0
120.34963904956035
1.1238030150740228
200.0714153981755
4.500049312159595
0
88.71240471718052
204.65250004517233
2.123527487440724
0.7927577687676765
136.733259243514
10.294045429241772
0.7579911097041985
1.645488093299404
2.6945584406498453
0
5.7702988328284865
83.25668983006113
0
0
1.637645440253329
24.863573401340567
0.9710698540090329
1.4255561467649278
2.5348404491875147
3177.132233263691
0
6.018956560511137
0
0
0
0
0
0
10.557700329942648
8.552253948437489
0.5368046986764212
786.9478924882109
0.7156870394678736
2.0095950705185928
20.53926859448234
540.20405078781
0
1.5940451023896967
0
1.0904643674895316
0.23604406995293292
0
0
366.17378658146924
20.36196314228556
0
320.09015039300493
38.57650696451074
7.477224278439188
1.7224165668343119
0
5.65646882973912
0
0
0
62.81105071287498
0
29.547654378089486
0
0
0
0
574.1472666412643
0
3.1683938900350217
0
5.560678247402231
0
5.5849029708290026
2.2937913574619255
0.48776182497784915
0
176.15307741195474
1.3440116399410844
0
0.7057558373731423
0
0
0
5.346781823676371
1.3324502510979943
1.2796023944964465
0
1.2417268345238561
36.223435603336355
20.462750178903946
73.13705860566935
0
0
0
13.17235069299724
834.7590182783896
0
8.175374211836928
0
0
0
50.60943314257058
0
1.0992813347077777
55.96613413220697
16.18994314145128
30.312664133292017
3.3861481026460627
2.1929290635814187
0
0
0
0
0
4656.691325558409
0.6819613118014779
0
19.58620164621159
2.285396797466837
5.859657549673676
0
0
2056.122360909171
0
0
71.9109330064293
0
0
131.88582305893982
1.1177377500878085
5.317785827504979
0
122.57393918744862
2.853556679129312
0
0
0
1.171817008254153
3.89461574710939
1.7711418442440878
2.540054675329206
0
14.35296235229081
0.7234077400664335
0
17.942248320201898
0
0
0
3845.148759697897
6.715371819928672
2324.981904376917
0
0
0
5.069981288997829
243.68374157600573
86.61325372964461
0
1.780175674420387
55.75489192365799
3.5415859040016606
1.9021089474945834
3.3300279158537585
11.98278404167625
5.006027113501804
0
501.5625013471088
0.7557392364884852
0
13.064347155731127
0
3.0604730210410134
0
14.418084148756108
1.4370365051937193
0
7.916910402780092
2.7792576506515747
0
1.4035341145753377
3.1316562986612198
90.92474914511092
0
1.0257986400787173
596.1905168567746
32.46435930916184
0
0.824376391628861
0
1.7786977070817602
61.95683557950002
2.000475527816765
0
147.20985302936793
5.357643238510114
0
1.932203194997011
0.9859373991532341
2.175033462358358
0
0
1.5867385117988735
0
2.3854864340469146
0
2.770476927801159
3.571292676356096
4.662985527352993
0
14.334336853689733
1.0252003034204265
1731.6253918175141
63.171546198066025
3.9680523321605397
0
0
11.169957219919874
22.562269699870978
0
36.71969234885921
1.2834191819035734
2.152185690512433
27.375626489697797
0
0
192.95828733788613
3.8830135812838025
6.667183478569892
560.5027261641443
5.708136301256591
0.7810782041805959
2516.0592822002977
0
8.80990733319368
0
1585.0992692019224
80.61717113143385
87.80492537926352
0.6975753894038688
0
6.020159085097827
3.5199072733058236
0
207.01647520060837
0
0.6227511339555065
1.366085627639794
0
3416.509667055088
23.819422436403592
2.2137029264336787
28.74510865017954
0
7.443497862587004
1.648597589486973
4.312634670036433
0.94217711869285
0
0.39600239029839646
1.2168340584213264
0
75.2750891644557
4.369973247966953
0.4755140930020393
1176.7056350375358
0
1540.3583193373015
0
0
0
0
1.8613863876706596
3.677578414853852
0
0
0
0
2.4963640855191467
0
65.90542812636382
3.6703435147264836
0
150.66354819973773
1.7736934111495604
3.9578334540293154
2.6896191572191066
103.06930806517519
0
0
0
40.426865046847894
173.22246398312862
0
8.846699421794623
0
1.2493605618916268
768.4926844652599
0
3.361088120991137
0
1.229403810928538
0
0
5.333682993257678
2.5215729204434822
0
2.922700453386202
176.30231828646865
3.0120350060652816
0.7783464070587213
15.861718894705382
4.261333220038393
0
1.8055872124908774
0
0
10.136224952586225
0
0
3.9380450977733883
267.55859273929434
3.927414653779588
15.239394427083408
0
0.8331643493368869
28.491445050206888
28.527827714610925
0.9355967691096742
0
17.39218915302806
10.280777062207937
0
2248.6814591400694
0
6.133833535893893
4.2872855592981285
83.39298069128657
12113.182675868286
11.840899378094068
0
1.5391479856297816
121.25703578350723
0.912060215481037
39.68735885898493
0
0
388.546981199771
0
0
0.8660330467412477
0
0
1.8762765175070966
0
0
0
410.27501313239617
1.3852724822435785
11.586011828740663
208.33976484568683
0
4.11152663271906
2.5076867654399653
19.747492897947716
0
65.75029283394215
0
0
14.077501055581571
26.593977544432672
1.861152248628009
0
0
0
6.098826734809035
0
1.6568863743775726
0
33.87375668166079
0.4381600948555048
0
33.20559355702324
0.9768627848546212
10.67548204004726
184.40636744704236
0
27.41256353588165
17.828804551418692
0
1.1167500938836916
0
0
0.2146228101058575
1950.7906619334274
98.58701344260236
31.50434334003793
0
10.802767175129954
0.5933963121994621
0
0
17.962253892290963
0
0
0.27988853939693725
4.460324573511814
0
0
4.852955403425845
4.752360876438931
0
0
0
44.34344347179794
0
17.542954406123012
0
1.0536741678795047
28.938003768121238
0
0
0
14.980406692025888
209.47712006348783
0
5.381763070332739
12.442017415624319
0
242.550563778848
1225.0723071587836
0
22.576671302501587
19.432239858704904
18.672243435829316
0
9.359901733845243
11.904473403176455
0
6.577022867623998
6.049602516010088
0
0
0
0
1.1047105245671256
2.9415971786511257
0
0.9085625738169808
0
2.274746685284821
59.86725045537265
109.03944482138763
0
0.844941731381192
366.6539782267757
1.7195853845512694
1.8633183630145367
36.76637164225862
279.22435985768385
0
0
610.3189952834015
0.45322928226760006
148.14370806160636
0
0
15.311235773692378
0
0
13.142606410253496
30.338814921452986
1182.933636269478
0
2.192515337988241
0
56.67358623632913
7.055104106081038
34.838094086789
23.09043071641408
13.535748467748276
0
1.6430033216889028
953.015478835286
0
130.01219143534615
336.7315284771607
176.69188669034517
0
0
4.617024674525025
12.722615287726859
0
54.725070158313635
0
1.484479221760136
136.37669075623668
0.8188233049141715
0.6661989972487433
6.370556023121856
0
9.218164616661333
0
0
0
1.889764616301826
1.1758575378398763
0.7372132806938825
231.40087875199453
4.287826353763752
1.4552143338679961
0
0
1.2245130334449272
0
78.56143289864846
0
26.26236836160215
0
3491.0151028464807
5.280629407385243
0
0.9871679824363934
1.2075165191812118
0
152.67758835545095
2.9777171700564744
0
1.8394152037237324
0
0.8669736894182425
0
0
50.35324851675045
4.706719235089233
2.9602622108373513
69.11060337586585
0.43246465736139994
7.769379025080543
63.475395047275306
0
11.067567962409456
0
26.62592289648503
0
0
0
0
0
5.996633577083656
77.195920049966
1.5942157986073826
29.076132890858254
19.180982928466793
0
0
12.968114303470138
0
0
0
0
0
0
0
0.4102187544474678
1.872589180777971
22.68955032529079
0
390.0285030438674
0
0
137.24844741277658
134.1348388787452
1.6540375338708897
44.09631912807583
0
29.458323809671263
11.542450421634673
0
0
3.052186886845681
0
0
0
111.74876793767707
52.83398966205196
0
0.9697207894887604
0
0
1.827260200056927
0
0
1.4607376399261012
203.57881022075037
0
28.732064939477212
0
0
4.062056984802611
4.720830167571637
21.07066312043537
14.946900491746739
0
0
0
0
0.6524303341594804
0
0
6.465770360526172
0
0
12.820946485426267
3.1273078277292203
19.509617212743002
0
0
0
28.794336451787117
0
32.463324510584236
0
34.36646817809966
0
5.165869418790921
109.35677452358127
22.21244319483622
0
4.262836370244953
0
0
1.8358744187837175
0
21.639073069493364
4.32402906749681
0.8789977669641322
0
12.751381205293068
0
1.7190198637938823
16.37257978168578
0
0
430.816402002263
22.169536363705404
0
0
40.10841943013139
0
44.18342179218234
9.281452734410083
0
0
0
1.3688821488386216
0
0
0.5785602819242338
0
3.496981978395067
24.310155701631345
3.7318051248284516
1.032070022627969
0
274.2719560735903
0.7669730203822145
0
0
0
91.54062327853234
3.9948426863174635
4.056803259087073
29.44604649692003
0
0
3.25050052671142
0
105.58687227561498
7.572188162200813
0.3416447588797794
0
0
0
0.19697543077655522
0.6601846617948387
16.903160944317467
0
35.16459842048602
0
5.592281114378857
21.41091142068671
0
5.517045533195118
6568.66408451041
56.18586828552351
0
0
7.941687329376313
0
0
9.764099837325762
0
0
5442.048603600487
2.38378641143401
8.364010737053878
0.26619695827070566
3.694230792778683
7.669623004507416
0
57.130669268987184
0
1.4818888260870287
0
5.785788263037109
0
0
1.3131329026967404
0
35.741548999739955
4680.743425769559
0
0
1.6288472840325126
0.7406048350042127
0
0
0.5954772578031091
10.311466868689726
0
0
0
0
0
0
173.17771406636083
0
15.511066466945694
1.5604694623256319
380.3874050734752
0
4.694155681359221
26.930975465194503
3.4931015666370353
140.39686664894208
0
1.9833189058944907
4.5499909753940395
2.069804417669517
0
0
3.5183749317650808
1.1802647003305937
7.017604684032458
47.53843606221211
8.28994586017435
0
486.41822459596375
0
3.1552026561801094
0
201.52970724155833
26.41267997393486
34.73953734808187
8296.265825953195
129.51313141651724
0
8.167007441136
4.576537366617569
0
-0.3440244786071751
11.40235934288728
0
1589.8662756569781
91.20964008871674
5.390138142805937
0
0
4.146943628437665
0.37802079061948146
1484.2953668534853
0
7.259134953534494
0
152.7055551885017
1.2897700022826524
3.99682096706921
0
1.6335475368916528
0
350.4608662689262
0
362.00334320097494
241.92797222003938
3.553087352046842
570.1725281998208
18.438166314743533
0
0
24.558127099521784
12.210908071007808
115.71844388282095
0
0
19.020289014880458
0.4305316228247744
8.686043145979493
113.96211745562489
1.1745236661405238
71.87596655945617
39.953938057382366
2.6276321628577515
0
3232.2102478896204
0
0.7875369928167165
0
0
9.730509886725727
0
1.9290978472561284
0
0
4.939747945590153
20.799693731103034
5.2333676400386295
0
0
0
0
0.44258095562714816
4.659070725881225
50.92277077136869
0.8526978031263075
0
68.41636277891533
0
0
0
34.830386690954114
4.4386361737963735
4.344479186552725
1.900685360175299
0
16.990186766653313
0
0
4.747146751374252
0
0.8288489819625318
19.53082945354157
44.70517867761225
0
1.2552168978688758
42.50126573849303
5.009194882806353
170.61012333708624
82.98114875873775
0.7814141291120664
0
0
297.9648039068234
1.887096763900368
0
7.898288654475429
0
0.09821731981299486
7.131826520774149
331.51484822113326
0.5400733263349202
0
926.8255255071813
1.0489051941647562
3.509547996460972
65.5967832735804
0
0.26716023222723295
0
28.191015030539795
0
0
0.48485125595197365
2.525305227112636
0
1.1134952076724702
0
0
0.5785609675443578
