0
0
16.35525377439504
4.6751509541707215
0
2.0634943259717744
0
0.8069293671431761
0
448.7843428636356
0.6502430746966172
0
2.1960899532576135
0
9.166461470645933
0
0
342.76930329349017
0
7.149907660544548
2.8048225666577418
0
8.977502856157408
7.987023398149923
1.7843977708300054
30.042733991815837
3.152728473300584
5.702681504920763
114.43750519663527
6.53508587634315
0
0
0
0
0
0
43.400026878803565
7.431277409561831
0
4.438126097447002
0
0
8.243616809344378
12.112182754064294
0
4.0287280411548645
0
0
0
3.2930624256094427
0
3.2998229223189757
0
4.986219746080834
0
0
1.8007431358172235
1.104937926057925
1.0961806565920051
0
3.286321124861564
69.51050497087208
285.9867017397718
0
0
1.6632284266916908
0
8.90168402468981
8.241315383777836
2.266754092416222
11.213566425526931
0
1.417047513453836
19.83332361175231
0.9610173046338596
0
0
0
40.945286136075715
20.17265889015114
2.1874453096184965
0
0
0
5.337260957088864
9.918847056375505
0
0
0
3.5347331140981595
149.4943076653296
0.6711863327466079
102.70801864878229
11.46049668120103
0
0.9826342720946787
0
0
0.9638182442617598
0
5.004671014157927
0
0
0
1.0937683723831833
1.6017794496648032
119.23080436587978
0.2027242975805703
0
0
0
0
26.799562619629874
0
0
2.100832572177909
5.2196468385549775
0
73.01548767625795
0
19.522643077851804
0
0
1.8696688751312844
0.4042496544297831
-0.5581149760538702
1.6034179695369297
0
340.75870863461523
4.011061301586123
63.62565667722914
2.0877484727691753
4.3515316499281225
0
0
1.3866671314629797
95.00300922988025
0.6862825470035021
33.56547854980768
3.922774730374845
0
0
34.91389262520586
0
25.931312227130363
0
1.2164972811790022
0
1.9646394621651544
0
0
0
69.68513715333447
4.145367781515388
21.38763275042198
0
0
0.4866382245109404
57.21645641487326
0
17.07342185680022
0
0
0
15.107310081011313
55.80529787341348
422.28186799420024
9.927757809485582
13.832550130767352
0
0
9.696501487721857
0
4.436925534379665
0.71813474172599
0
0
33.47768273552683
0
8.38216067099673
128.0381618248702
0
40.20823343309956
27.83268835150116
130.82001802635517
34.356579427154905
68.74463941575371
0
14.165540799924074
1027.4105046036348
2.6076980445555713
0
65.4901064918688
0
0
0
0
21.73298279704479
0.9327473646394059
0.7794024654669601
4.50832931684983
0.2685769770935046
24.580452827108985
1.1432866786510416
0
0
32.235101522154224
0
9.956255402227727
0
0
1.2639439506385988
88.4562905627644
1.4564277247070119
0
0.8130527137468538
1.8510130202023327
20.736449703615005
9.472219759295683
32.696805034577785
0
0
0
211.07542195169773
0
0
9.5370339933883
12.182815216896206
0
13.445462474177464
0
1390.8126035696957
0
0
2.4381226838112555
7.026724453756533
0
0
1.9244245297392306
0.855380194368401
4.162240617253802
3.6740414554418224
0
0
0
0
34.1703408017579
0
11.319346685284108
0
233.94089373647128
18.73153435294668
0
0
0.5867615264333033
1.160839546099388
94.37759578069674
0
0
16.945513449587526
0
0
24.397240661594733
0
0
0
2.5384355443142015
0
0
0
0
2.2714786314421946
157.89925370443075
0
0
0.5280671566881924
0
0
0
0.9996702394054201
2.1676328264012916
7.237049893687345
215.1468327427286
1.4605348612829059
8.360598637110552
0
84.32845120550178
0
0
0
2.65894649293762
15.487132352018103
14.43974791969825
2.509213022294275
0
9.408729600179226
0
2.473272933867658
18.34401322969829
0
1.5266579424400506
1.7242941774499245
2.7529106969784105
10.717626105832458
91.94603387226726
147.0213732539348
0
1.1015531553384434
0
0
1.1091224617634698
0
12.445594887774403
15.062729549601086
0
0
0
0
9.272417349869738
0
0
0
88.02227624443115
0
34.86061492405514
0
0
0
15.309348443724982
0
12.985077702585864
1.0652863962393364
0
0
0
4.878213788666576
0
1.354286112619532
24.718140427616877
0
0
0
0.7146295226701485
1.1562127506307665
0
6.220657137586571
2.9324422117449247
0.9338683565224836
15.889172511303459
4.34773555933016
8.852235343248502
9.260293287965307
0.5651467188902874
0
0
6.080508580887676
0
0
3.3677237500484374
0
0
32.54929867618991
0.9306473270488252
0
0
0
1.553011129842854
10.640762800742777
0
9.691448917334817
0
0
4.263304351088367
8.135627303833544
0
464.5307709838948
0
0
17.6313471072472
12.340787975665908
0
0
63.30421967907516
1.4906324024126074
21.165246967476058
347.8910660977758
0
0
31.091331593870898
320.8402228559468
0
1.446373269578204
0.5976360357937156
3.8688046053816145
0
12.411455495922077
2013.7154922284844
0
0
0
0
0
248.62119441809702
0
10.13631406209334
3.9826808835220318
31.087807723472476
0.9445308523254945
5.811653214382302
370.31320876817284
7.7761836965388484
4.352211063109021
107.86333447972702
2.185794326457287
1.5889105955827927
0
0
0
58.773127872233445
729.6539798803319
1.2285484175444408
1.058848923809069
15.545215831897213
21.150274831711936
88.43534563731222
0
0
1.1169068392983292
4.749203280245769
0
4.650110499567851
0
0
0
0
0
8.153880766159942
0
9.757765947010082
14.558192722171981
0
57.2114372641224
8.347182127067867
0.43968211790482825
1217.9577016755377
0
40.15138689384264
0
0
0
0
3.175940816289623
0
0
0
1.2627095640178227
0
33.2270209005308
1.8220820422349653
0
76.25147938926945
0
0
218.74568990759948
0
0
1820.212479255579
1.3767848027214398
5.838172569372202
5.447119539829664
16.94236582834016
8.8118641142704
0
0
1.484022207812768
23.04451038620363
0
0
9.116352193411565
7.870212513793008
0
1.1648726105570044
0
0
1.073886448068
0
296.23401967036267
0
0
1.3782193269799725
0.12146403893718838
22.93190941682986
0.4951888103775809
0
0.4047126798057391
3.1054448237462187
1.0588221482113491
3.3074719209178056
1.7153822702996093
3593.2432139211523
0.7542725548437159
0
0.48411837388187706
637.120035396387
6.496489541048211
0
0.7053914475711032
1.018635612877738
37.05806708874839
0
1.3132963055416704
0
2.380209115847708
3.7895197270305045
0
0
4.113932208534049
20.555795256856776
21.23643129207746
0
0
2.2694099352304558
0.9833909017276891
0
0
0
150.65311164369373
0
0
0.9236022182166668
1.410079930779022
2.4619084657134147
18.636671801595647
0
6.557645772753174
0
5.503954216730459
3.0681016155955083
0
0
1.7885457732598269
192.11662240640885
0
300.7892722862253
37.21668696881785
3.894367741035096
0
0.8116799402285815
0
0
111.0645547994836
3.1709837850534113
0
120.13573804184918
0
22.078925969968594
0
0
0
0
9.337991375140525
0
5.793729953483007
33.84118364804161
1.3620557516677432
11.299124320800713
4.4974414877433
65.49864604144865
0
1.8157540595873636
0
0
0
0
0
1.6439686333464092
0
0
18.017497896889328
2.0917749945830435
0.8877618459722885
0.7602708886630969
0.13817563452400639
0
0
0
204.6918644130119
102.62070422998123
2.4893479760640838
0
0
761.4343206650725
0.7669033891012514
541.7073597294475
157.4770138904457
1.7548717410724572
27.44458529677301
1.472860502179433
0
30.674363565472824
0
0
1136.2762628496173
1.0234276098567168
0.9795927517703114
0
0
0.8383542498785741
13.878916088682233
0
0
0
35.13531930599701
0
0
2.339198736201176
1.6780940124337702
0
0
0.5091458048061406
8.136774577997521
0
232.30391391981698
0
0
0
36.85292651495572
0
0
19.6920828217758
69.93337335523243
90.60082801076886
3.2752985574389375
6.2401355430329914
0
70.06442539131845
4.602507732246744
0
0.8804040180683564
29.716145063986406
2.282853747391418
2.3978096400929862
0
4.589198598054324
7.51610438670455
0
75.84545790346962
802.6247272886646
6.099826257331456
142.82345571773055
58.7053999902473
0.9558298628677923
10.222289416793396
0
2.8998568465474333
0
0
287.90859812711244
3.5534069460589697
269.787695470805
30.692100037365076
584.3134237849544
0
0.4782554492243949
0
0
6.590292733502768
0
0
0.7774928135159441
5.760177313001215
0
0
0
0
0
0
128.42088967269683
1.2717854500894137
0
0
5.841636526723786
0
4.389182392548717
1.7714240685573077
4.125261419752388
2.9267122298152373
1.49281284004785
10.700826304625432
0
71.9752985133793
0
9.719573318390017
3.32667754245874
0
0
0
0
0
1.5605139632007021
6.095490147999064
45.03852141494261
0
3.5024747526444915
1.69759262306808
0
0
0
80.25903792807557
0
0
1.3891523739647873
1.040649914596839
0
0
6.564529297584402
2.5590999444501854
121.00494686548267
0
0
1.608021916477541
3.0261040085016053
165.26467999037953
0
1.8232091958683672
0
1.4776417921723735
0.8759266196947322
0
0
1.8899273221228476
25.121678881838882
1.5949043985224405
21.23135363035203
7.441168816263894
1156.4740451684015
0
8.75490973944265
0
0
0.8761256195534368
127.84712602939155
0
0
16.82509210568905
0.7367757550535622
4.134644262701835
0
0
41.21230191089684
19.639250403638233
5.26839182791578
5.758379964733752
0
12.841759820002501
0
0
0
171.08255745505127
0
3.4123100773280473
4.61337302015661
0
0
0
0.5920177620541024
0.8218083098298999
10.214110787132894
12.092909943440143
0.6097861300711938
12.682017453658624
0
0
3.0053179560467314
0
6.863964761592219
167.5017871079376
1.2498941610220453
0.5534154322801992
0
0
-0.010468401417212947
5.951539232753898
1.2532609560207248
0
0
1.7387537745762844
0
0.3272232087151036
13.130996376170495
0
0
2.5160715403171214
1.1541651967416442
0
1.7198046804331075
0
5.03330499845624
7.262860103431941
2.7487369098244647
1.6126636285370126
0
0
0
0
0
0.400860875469618
1.2356812662196144
0
38.36325375620048
0
0
0
1.176611362873905
0
0
615.7237974447781
10.884529709382887
0
1.117431680402258
0
0.8346698943858577
0.9368737120887332
14.964708671142384
2.9875926535217037
0
0
22.23741457085298
0.7763542774100763
0.6311213937349079
0
18.98230741961812
53.75592335530883
252.05865073272244
3.6319066091594765
1.5443835601325682
0
0
1130.7415963736494
276.51194875350916
125.60882806518995
2.4765667232440634
3.692356582305077
451.85817101713167
0
0
0
1.5197970598577388
3.2875314513286042
6.444846049751699
0
23.545088524251362
0.740472335351877
1.1533282183223998
14.044681002905254
228.49903209344356
11.103304824580082
2.050687932858558
20.261677997634273
0
1.2052352175017893
0
0
1.7523570912685997
12.658092297674605
0
0
32.597932775352135
5.571148939231447
0
0
3.05658335044305
0
2.8905928315811984
0
0.4463282910767514
0
0
13.046115204050228
158.06498291599397
162.49234071280776
0
1.959630302175335
0
1.428208697998011
11.117313128589755
0
0
5.247745263356077
0
0
99.36002445698261
17.717928123480988
15.671089875861142
0
12.298167412772045
0
0
172.22674345844456
0
0
0
10.4058018647766
0
1.2901637627200904
0.17298981157448268
0
1.2795755072700086
4.904673471623406
0
4.179510233997438
3.9724491691812256
40.93986782372825
64.4690463430853
594.326763456035
0
0
0.4338518061843859
0
0
14.41887279631635
0
1.622086756535194
0
0
0
0.7800831540895361
1.0023148218285785
2.7243188312490236
245.32999190082083
1.0847614404898789
0
3.338165480810252
4652.867780146275
0
1.2926642646156994
0
5.223776858809051
6.325933738367654
3.007883532469257
0.9805283333149606
0
0
5.171696015187633
4.357160122034763
0
15.76450860205611
14.39291052509723
64.53323292841517
102.51991847120311
5.7906277154232075
151.39683412197348
2.0903220405659413
1.1334729069357194
5.775287890489002
0
20.151150714716728
24.228081760253254
0
0
0
12.779473932189985
2989.508839632532
0
0
0
0
0
4.4238260861816485
1.1522475410096609
1.9329775971131458
0
41.61356236972001
0
13.049127309919133
1.46920982199158
51.11777996269556
0
25.660766294696433
0
24.634899159799264
5.677685302087417
0
0
1.323113698976591
0
37.076778816119784
0
0
3.559206190565583
9.333903816615575
39.14832586064631
0
0
7.591321876548575
0
1784.6075249854216
0
10.727413735957938
0
