8.671622510327966
1.0141967324460963
31.36625636168538
0
0
10.506914612913532
0
71.1341547534411
0.2560417786935082
56.8800418908212
0
71.09017246069922
15.369370205934583
0
0
0
2.643773247082793
0
0
1.7674362798241674
0
0
0
0
1.9746732678187127
0
0
0
0
0.5720743363774528
0
1.1565073587806372
0
79.92883719868941
198.02644751563346
0
29.718811654225842
0.8867984029963067
0
0
0
0
0
0
878.7142520056392
0
0
0
15.065688553121102
0
4.4118178329152435
0
1.0955830262985096
-0.2676764773859559
5.578187007249847
1.3187793171479367
0
0
0
42.030885897730016
0
0
11.702725341910478
1.747057312009025
5.44363470845985
1.6166887097676312
0.6442837100834209
143.45459232357456
4.902557880818412
1.634957951534151
2.400393889630841
0
0.14402538420390265
1.7729314527477196
0
0
0
8.597061985211905
312.19013112710815
6.077671070214407
0
93.3893481972293
0
0
0
0
0
0
0.6394514205747954
1.0475484623713012
0
5.9131235754296485
3.012911546384522
1.4954766015536585
5.500886300349278
0
0
0
13.177106820308147
0
7.911857728396828
72.06081284423959
4.973580108524058
0
0
0
26.952813789360434
0
0
9.02013786873561
0
17.127425081727857
0
7.989655458921857
0
0
0
0
3.777438514354524
0
0
11.013662186756163
0
1.8773989722144229
155.32945059461426
0
27.92346339952845
0
0
0
0
147.25666850734248
1.2712496734435195
0
23.771177113122445
210.65232765204675
165.87436061653796
2.426489220564358
54.85625614079253
31.68603515387398
202.97003254270072
0
1232.2987189351554
0
1.0628749481937525
68.44174831834424
0
1.1717026072870802
75.51768504908648
2.928258282310642
1.8128470992560677
397.5419642781859
0.9291991437645196
0
0
3.328855900597223
3.249042697588477
0
0
0
0
0.7888978247134608
12.47270020616326
0
10.301646949992506
0
26.60385757987846
0
0
0
107.98734501659558
720.8239148777005
0
11.468221042033207
49.661639807436224
0
19.475811228321525
5.615734753579996
21.057523598097657
0
3.5537300946957138
0
0
0
0
12.145663021494816
0
94.61612690449923
1.1059636949797278
0
0
18.82598995096349
11.973387649929155
2.0699593493548925
0
1.1574812292913252
1.9045791503581653
1.4408981724913796
4.3516072800744805
0
28.73618262299691
75.96232428618914
1.4689870923385488
0
0
1.342112688457665
0
114.97293020382682
0
2.5535469316738406
0
0
7.593920504804505
0
0
0
0.20019549491928124
0
6.7260521752937805
34.27591157131542
28.416793911742413
0
0.9853402289562567
0
2.0716101139338887
1.0526899304727806
40.120051933243374
1.2916284749568359
4.56357965394852
0
3.316908032077841
0
44.361389889201845
0
1.1945074156694924
4.901552320969159
62.942787985730895
0.7501614652165294
280.6959038627363
0
0
0
274.10119345714696
0
0.5035744343636198
0
0
0.5599360649916774
0
35.24050039776582
0
74.06533147652466
41.0352248416696
0
86.83789515977547
0
0
0
1.5176040507346884
90.33567434355238
10.374174009045804
1.8658356588955665
0
183.60386901652203
0
0
0
0
0
0
0
4.5485086225369145
1.5222150685615743
12.419286354264477
0
0.864396076396617
10.626081573565076
32.54396381074335
9.596927446739032
8.493384257902171
2.022412219480675
1.3329847223845515
4.900082523159399
0
2.283522979948809
2.139839913092602
93.55750028763899
1.196443813997843
2.9090922892062085
0.5176102231099631
0
65.65215706065453
0
0
0.5869462530761307
0
6.491254277945993
0
0
22.135727189189655
0
12.687801420763364
0
2.1813452006498433
0
7.1394928067867065
0
56.129065691955795
0
2.283296384707954
0.6731629454276709
145.2574981580608
0.15994235100631116
2.737673977674662
23.104544152539788
4.595416847241429
3.1635654253363144
0
607.6919020750408
251.25048335886302
40.37005609939053
1.1890499387730455
0
8.94779582094973
75.32420947204776
73.91341745197883
2.491902736119005
0
0
0
51.416961373357495
20.807751002392052
117.38467405812862
0
0
0
44.08070463849231
57.62589554601267
57.28119697864874
1.7885662784448821
0
100.00156909216092
0.5490420753151126
0
0
0.7264542313369003
0
0.39173176871401116
0
0
0
0
3.189256215356327
0
6.421294281828924
2.3189906911525044
0
0
0
0
17.368359794427192
33.76343031057209
1.719700232048805
0
0.6371695478205381
0
1.130158924630948
0
70.17037830358933
53.39913386382105
0
9.987112762591163
0
6.495829801327424
500.5201276848872
1.178388011429197
0
1.6151736472146019
0
14.344050743619409
0.6857086764522747
0
0
0
0
0
153.79467031478256
0
2.148651998834338
0
0.5615349547156852
0
2.730568516774394
1.3465729152059245
0
0
127.92002661529486
0
0
0
0
0
0
21.773970174041814
0
26.92906976356743
1.7429009465010257
0
0
29.311710197132935
0
91.85127875710212
13.816379617843342
0
0
0
0
0
0
14.129401880491335
6.956849005645722
46.90428914155848
0
31.377992222958873
0
0
25.02193088687643
1.5100940978169999
0
5.25418925141633
0.9663790832449126
0
13.207755336005661
39.39271890316167
38.10094017093637
1.0614619912350411
2.7596275419267426
0
0
0
0
0
0
15.54222803624693
1.3549401129279064
245.76027600455313
2.4978149909169156
1.0280160267347633
0
1.154120420516865
1.1141893995530798
0
0
1.1777129091571177
1.6077575388051986
2.4158607907458447
0
185.8186524833349
14.20667561738334
0
0
2.3362597386102175
5.5056367728726485
0
0
0
1.6837348592436356
179.2696958845666
0
0.9893623826555773
10.55847985732985
33.70354253519142
0
0
20.64585233443155
52.15013836079171
3.64082728049961
0
0
0
11.505430935693632
0.42913024135142197
4.951518672386408
465.4266871380862
0
245.5666278035213
12.491917607671004
56.075182607579784
0.5520576887009314
0
0.02057913299799563
0
0
5.492319981258014
0.962200094177169
16.252289242232404
0
169.8850125253744
0
0
3.5772679086676313
0
0
23.037355765099676
6.283069716813868
0
1.3076992089827697
0
0
0
0
19.109318691944544
1.6518105649447703
0
2.8540107370241032
0
0.5212819636414274
0
2.765463527685413
1153.4608336922327
2.4598697539560477
0
0
0
0
0
0
0
0.7850792966575488
3.644562233924982
0.9773323268663476
0
1.14820892452281
0
0.749065834248694
1.939473554284356
200.26441461853625
0
0
2.3080135313891237
2.3329033877211174
0
0.421284096151756
0
14.589321349515554
3.1512861959235643
519.7720649252874
0
1.4678201826139916
0
0
158.134857610402
0
25.548025307418992
357.98073270037514
0
0.6673515763101168
0
1097.382619197851
0
1.4925165795847013
0
0.9207258239367456
0
13.517655669070068
0
0
0
0.7041880070257127
1.9575540870081225
0
1.2222611021059933
0
3.087461648940648
0
0
5.72918167138541
348.7673642510359
0
0
0
0
0
2.7434941712517364
0
0
32.507560695928774
0
0
0
0
0
0
0
1.7310573224429013
0.46008255212972127
2.134963737494714
0
0
2.319774393410629
0
0
0
56.223417083203735
0
1.7396292594935359
42.32299606567774
0
0
0
0
55.71317900369229
0
148.95562733326048
42.736387066909145
0
0
0
0
0
0
0
0
0
97.20006295489836
17.10457809098243
0
1.9550380306414352
0
65.30818532173174
0
0
0
0
0
2.9468819159224218
1.032633760946438
0
12.62624311269879
45.501278470445726
118.14573365515945
0
0
0
4.550904507223617
63.660614286074285
1.7095076210500573
5.9348726511636745
0
61.610195076000956
0
0
0.158916844714176
15.987601062545126
9.467851468030297
0
0
0
3.7460160667864564
0
42.92175065266813
2.6412231498303376
0
0
9.754760704972576
57.87421724029917
0
227.27798317616916
0.7309848230892817
1.7144403698489958
1.6900038912934592
0
0
0
39.6168444550381
0
0.07498063354897566
0
1.4287384198268487
1.418877125591925
0
0
1555.0079706935924
5.5934908355491215
7.119477541683446
15.92430754787199
0
0
0
0
1.3320103916815822
5.434767378576544
0
0
0
8.657766587141381
59.24019455805548
0
14.903234377097082
0.1958096753542552
0
0
5.320572629572088
0
0
0
0
0.4738697474361562
40.1750550640899
0
0
0.9172129949588477
24.20605320501906
0
489.03941981326346
0
0
0
0
91.3485266383409
0
1.4418398909755186
1.4789320974990787
4.015181391609769
0
0
32.14786035426755
13.262367281960081
0
0
0
3.4299834494803525
15.764538787158614
0
20.09257739272033
109.73902247664518
0
0.48781545447555663
0
1.287071765393847
14.660155204572787
0
0.5790828109923605
19.304360286075365
1.486069083113971
10.590401787747332
444.0090343564909
7.693522803430119
0
4231.065741532283
0
26.376657264098206
0.919084630779385
0
0
88.35841261538496
8.28452103064323
0
0
0
1.1175766839452623
0
0
0
271.0812829502255
0
0
37.267925542274604
0
1.315376679062346
5.285760620753453
1.9511412411797133
0
1.2070495849320386
0
27.202553471442457
0.8122700394503277
1.3554679243407957
0
9.822560228918526
0
0
7.304150233667732
0.9669855593159545
1.173368160438161
128.161629232223
0
0
0
0
11.146152015195394
1.113148260047504
4.2328423964268405
0
0
0
0
1.4898249887139572
0.9464050506102438
1.1822980646388552
8.442823554668967
3.278714610354153
0.5529176745125761
52.95024190856562
0
10.097233949997051
125.98888693981391
0.9844334073748621
4.507890679218261
7.648778917185575
0
340.5579299439451
0
91.91949740183325
1.0780388854601277
0
4.931671111177618
0
4.17980640162418
0
0.44205566030778354
0
0
27.936916185856987
0
0
0
57.88864228900313
0
2.1945245937372055
3.8073325364053057
0
84.27928624071623
38.3884610942207
0
0.2333453337087147
0.8817629529320117
18.435554239552253
0.19343126668304
0
0
23.981054254795268
0.5758479722219627
0
0
0
28.77341518273703
0
0.7176194255084011
17.184470278313444
0
0
0.3090772231643045
0
0
0
1.1392925837470016
0.9912632765175476
16.175258730068613
4.756925493120003
0
18.150879241591728
0
34.29508371741896
0
6.057288013400003
62.66268098974488
6.824329011079529
728.1262048798097
1.4501787160906994
5.763702564819265
0
0
685.705536642161
9.860186247315028
0
1.1180265592372265
1.7080417367158403
0
111.49098898421347
0
0
9.84027665617358
0
0
0
3.288167093604369
2.5749550932346894
1.519590716274326
0
9.939239739267165
2.0059993672997654
0
31.96647717407027
0
273.4413325531944
0
0
3.336961183352982
0.051235474211424825
28.451282137884583
1.246139871969408
1456.9565650831157
2.4851341051315736
87.11832243012984
0
18.04118995764147
6.274049327414763
12.633965731666544
0
0
14.69826094903759
0
19.597221688012713
0
0
173.136965045268
0
0
34.75512760132443
0
7.73729597517889
-0.11631041518537177
1.6500117353507675
11.760575362666028
0
0
191.30444042598788
0
0.7726209832874786
10.542384070868348
0
1.5857227187739258
0.48072516373381
0.1434528263532565
40.372480358355155
3.0287136305667626
353.2768186903997
0
7.12362597371158
5.2087168408541
0
7.587132680082672
0
0.7323747143352825
1.3527697590011751
0
125.01554135040962
0
19.090287650883894
505.5119782652524
0
0
0
2.146665899180292
1.6692952585843137
0
0
1.6582106515004371
0
0
1.1362122900914857
3.6205288407278244
2.6273803036713392
0
0
0
0.8159678643858806
1.510787504796909
1.3801046430319115
40.120215650195476
0
0
0
56.87820373734433
0
1.031431243362713
12.476095419229758
0.9691304099929534
2.2575629967275885
0
7.609323656116017
0
0
0
1.250060602643014
0.7371011850514848
3.310576007322883
0
18.456471373283634
1.6136429504157992
1.5711953827810894
27.519844573175533
25.970644022569736
5.13377366549741
15.309860374933582
1.682769096227666
6.515577326257594
0
3.2067177743010644
