0
0
0.6492299020900877
2.5519120994635904
0
0
0
24.247567396665914
557.549412612331
0.991471672571724
8.884070122812574
0
4.697286942521817
0
1.4626982653231044
0
0
0
1.006531239522327
0
2.683215267291066
1.0224716435688461
36.413506961081225
179.49169279767446
64.14076394856305
0.7705426105267215
0
0.6659972970056505
0
14.40962307346833
0
1531.0455875006758
10.55478268141784
0
0
13.121643106316501
0
0
0
15.936066324273925
3.2921882027843035
11.964285359826594
0
1.5067089852263253
0
0
0
1.4361506500520367
0
795.3957062157555
0
297.6097244021064
0
0
2.058787173954257
0
0
1.2190838072794485
0.2982945751583024
0
0
1.4385589296006507
1.5457405782540956
0
49.83694403548923
0
0
5.054455776777653
0
58.29319548229523
392.1125321045278
0
0
721.0157697777945
69.4520570657556
1.0814627508286916
0
0
0
1.1047263889524386
4.412841126594365
0
0
0
36.79638715715938
0
14.593442743611336
1.455024059137949
0
1.7174140750435674
1.0706947123643025
0
0
0
161.8591280678492
16.102598064489325
14.001288967556222
3.6054369864764118
0
0
14.599537814366684
6.50438738822594
0.14837030859388978
363.6677305095944
0
7.127690825224333
0
4.872462813210035
0
11.668900475383122
6.712834201584413
3.138950671604122
31.620735687023593
2.1495705602301243
0
3670.7195714213985
1.2930656054713818
2.0390807798223456
47.174703340792334
0
0
0
0
0
30.664476545385405
8.977863459918693
22.302374323898054
0
0
0
0.7770469079235065
0.9946393659270932
0
83.8419172069942
0
4.590556011239059
19.00871580114193
0
0
10.788837640881578
0
0
4.411530488705696
4.568387924281374
159.84156702326223
1.7407479271569817
1.0212086191218717
0
0
4.433708633343356
0.9855535931395482
0
0
8.589149720567235
0.6405779920951418
1.9025495272705952
24.470133900032664
0.5025060338960867
8.819835659302829
28.948859725745937
0
0
0
10.108002759116685
0.9312587877838344
8.290796422677442
0
0
2.071129903027746
0
0
0
36.86230337365193
0
0
6.909719926146682
14.487980599298904
0.9607712209830189
0
0.5720976042583714
16.20488800028713
144.1725822421714
0
0
0
2.029556268715396
0
2.3518912340845284
12.156635157172726
0
121.457033019187
0.3740088975965957
3.5452733529141556
1.8355898741970917
2.7887535538160195
7.158459393270155
2.3338665254173954
0
1.0337814353886825
8.229475455153711
227.075748003738
0
93.6093087618259
1.2558521243529848
0
92.01427890161136
0
21.843610174834946
0
2.508934344258223
4.967552131966817
9.534155250737074
0
0
1.442419674254586
237.5384697345529
2.2954238219715126
0
0
8.008546269667375
564.9678430565946
201.6250020614454
1.1621198219939601
0
0
8.425593079572712
39.33052386191069
0
11.240791609710135
56.189536046639546
13.732910992975786
17.788882846978677
1.6697806788621885
0
0
6.363830404125311
0.5563513488129161
92.83395616615223
0
3.0706264296541117
0
0
1.692040492034705
0
0
0
380.01290111313546
1.3797293200656904
5.654266901928496
0
13.395620507995083
12.477074361985604
9.816639219774846
3.6433524088068467
0
0
0
0
2.6275841251453476
1.3616410112736042
2.431008367267312
0
0
12.896438695710229
0
0
0
245.3623036744115
0
0
1.9669478641733444
0
32.6351268611346
0
12.10152405258794
1.3734030506498092
11.590321453561094
0
2.265218295754999
0
0
51.705809263152844
3.5398176499794065
0
0
2.1465378767864545
0
0
0
0
0.9271605551732979
0
8.097079999343203
0
0
31.477737515774198
0
0
32.889745736430555
0.8489875188644637
153.2017732921456
14.629520673831223
0
0
171.30305415446531
0
28.99043671843079
0
12.42028842805207
3.2775003832204677
15.342666764274641
0
0
1.3533180298903087
15.003643210556763
5.6878735315944855
87.06303661557982
14.757002067406265
0
0.26012272017608684
1078.7946736799288
1.2151507894837543
0
0.8249442716541078
0
0
0
0
0
0
0
1.621130452952447
46.540655813635
0
2.461810476646634
0
1.977917807928186
7.990086642873797
0
0
21.21333282392865
1.0287111603054166
3.8037705347408997
2.961906566800563
0
0
9.735743600707664
0
0
10.203216771779141
0
13.113872339804395
2.5539041422924433
0
2.2114275925014866
0
0
0.1787720648051212
4.601237298251583
0
0
1.3178951588776462
121.66541632443719
1.0055226114915803
0
7.993841950065674
1.4350190629149076
0
15.044342027453716
0
1.610672613113449
0
0
6.917217946187414
4.037283441758515
0
0
0
0.642080032386072
40.29888061641532
22.580122421570135
5.797853930723548
7.312815254107245
10.465827911387397
0
109.40990892675593
101.32152015220328
0
4.502859954179736
0
109.94556953754604
0
0
57.29909753516611
851.4310914749706
1.7716698119743977
1.7391931810272132
0
0
0
17.664324171909126
0
3.13009280910969
5.085890158358653
12.393874140288611
0
0.7782285239044656
0
0
4.2215807093934945
0
1.006394153739632
89.04390891966985
0
0
4.607336740927368
0
0
283.80094319415656
15.97705016031643
14.141909830441843
40.873734065201745
29.862540894112044
0
1.6112975033358956
2.6275326561924084
0
0.8502137109560637
0
0
289.8103942621096
0
1.1513845472875892
2.6631553387457902
63.89579878823556
0
47.332574179654145
0
0
0
0
310.13637747775914
4.995992615188759
4.828548495377236
97.11061422923751
3.041585871532621
0
0
17.15115894623705
0
15.899748808435067
1.0853740329408397
0
0
3.514738342210564
1.5720187709834756
3.3966054809643844
15.11861553544177
3.71976709502981
0
18.447543373500178
29.195027734907832
69.81181372986914
593.9928536430494
0
252.36895846505712
0
2.0514674543651163
1.2171884632503258
13.743976341831399
3.769025676784538
0
0
26.08803494849749
7.289453391375428
8.656529196106415
0
0
0
0
0
1.8785243651545929
2.3087129730124563
70.70922350534568
0
0.22290182700268157
9.712994426446853
31.73852030644225
0.0754917635712844
0
0
0
1.1736203311004343
4.236550742782944
0
1532.4339932551231
0
0
0
86.28290463209285
4.363778565214956
0
4.1308443246764295
0
44.390575839863764
0
0
0
1.180044303177875
1.3305590689453715
194.57983735432984
1596.6926441175417
0
0
0
0
3.033890225454203
5.295399831485787
0
2.9673625454539057
0
0
99.56302693300063
0
0
0
0
110.39107536877022
0
88.81112251155834
0
0
0
21.03174200306882
0
1.58720565389296
0
104.06319022669904
0
0
24.11612359093838
0
0
0
0.7485662864514978
1.4792846911839472
0
15.686452558259962
0
0.974261134066542
0
0
0
0
0
0.71432746893523
0
0
1.6560289278040672
85.85838296217116
0.6835785457785952
3.5316856308047155
0.9467364762059759
41.96459484177042
5.749548109568436
0
19.667022379573865
0
884.2846163037536
0
0
23.24035430250171
58.58823642184533
0
0.8756680971974761
0.8021277997442304
0
0.6719874393996514
0
0
10.198383134695607
2.431659167891218
0
0
163.07415346622284
16.66558974064385
0
0
5.524040415792154
2.532244040572578
0
4.090900047486041
0
19.68661817452226
0
0
0
0
3.7718127599551208
760.8508928470802
0
1.6058140408017139
0
0
21.569583024268745
0
0
0.8617854214706122
0.6771858672566762
0
0.6906512717063211
0
19.14239103081192
11.139575024639996
13.458313286727549
11.580492055240516
0
1.4049087606053714
0
0
0
1.4596490775822115
0
0
0
5.482444354111348
0
0
638.5300680692501
0
0
1.5096887369693786
0
0
0
0
2.2508557426495486
11.385715361534684
0
0.5983320618042213
0
14.461520697785298
0
0
6.467200256744934
1.1399208439455446
2.707605003539107
87.31452552439306
0
0
1.9066204644363318
37.483015533232226
1.1000354774695575
285.15580237926645
0
259.8690589024722
51.7333355588631
0
3.0857344936106106
8.171191449497071
0
0
0
54.4996253023261
0.33676287551357276
1.2802097843619569
0
16.776999605542333
0
0
0
0
0
2.395261268199066
0
51.52108830431581
0
4.337317442777737
6.459289188308858
0
472.7887415757789
0
0
0
0
0
1.7484625258612194
1.0574744725596268
0
0
0
1.8366190103339988
0
0
2.761251276714229
138.19210884846865
0
0
0
34.96251072823382
7.8124621478515985
0
0
0
1.881546194890456
4.120149567799274
1.7609083099632747
28.6698073088395
4.724319530104296
0
9.111212189862208
0
2.3133042215842115
0
0
0
27.309487637884544
0
0
0
0.4507542659913173
4.340926392671753
0
0
0.2472066208842978
0
2.7024191286144417
0
1.9902895729095302
0
0
1.0463322450450334
0.8881717791525585
21.287729691944286
0
1.3256888123947257
52.61797989100641
0
18.458658036581614
3.161573875770599
290.3847803571738
0
0
1.6145891629791729
7.746729855903503
4.774034885220728
446.84244549934704
0
0
0
0
4.363640707089112
1.1486520091104178
0
0.011689122557433929
3.5457298803504016
0
0
0
0.5678534569649119
0
1.4049703680787657
0
0.8854495238763793
0
10.160818156234255
0
11.322363376510204
0
8.22212944047994
0
100.81764739469706
0
18.848021289430143
0
3.3943549515637885
2.7961936162691643
0
1.5246662348996556
0
3.3437480670414557
1.801532312323751
0
0
1.1196883548239374
1.6746199872279375
0
0
0
40.323339501214846
0
0
5.546989778490926
2.076958167893164
0
0
0
0.7134795501787776
0
396.2401632228579
4.041232721646932
0
0
1.4987063548066737
0
0
0
0.6364337163362123
5.900555850939959
4.472134357634287
7.980623914973726
0
4.671408152145441
1.3661619238864504
27.902385444519403
0
68.33251409126956
0
5.896983311488635
2.50849500338246
0
0
5.104353660624457
4.8146223967175965
4.413847382700023
2.7296212424005843
0
0
51.10365181946901
0
63.126029934845114
2.4412674561445593
0
0
9.865448943723942
4.020340793112997
0
0
0
0
2.469624935763952
1.6790180173184763
0
1.2323548846490289
1.2811713381976846
0
0
5.55277452465296
121.22561523629862
0
318.20011786855565
0
0
0
0
400.79584150903185
30.757655049981217
99.98199115487517
4.620833314582066
1.0662367226372358
0
0
0
1.8782962019659368
1.4845199188423848
0
5.029395593756741
1.8745858709514867
0
1.2619791954249497
0
101.86052412913982
0
0
6.452813323265421
9.858094373489866
2.3475248098944874
0
0
12.770015402263894
2.0077382324247175
9.224576373887496
1.6601584040703505
3.5837659759168403
2.6797245431878514
18.109427758856878
4.511919985644283
2.5267324684316694
0
3.8192023847793353
0
0.9237074140517989
-0.3587600941671194
18.618154908248545
0
0
0
1.115588543094102
0
0
0
0
3.331449864043094
230.41611930964248
1.1300812192646883
0.24013859907984336
31.88471379909598
0
0
0
0
0
7.630825770027818
0.5444358545489699
207.09223564337802
1.9251168004921666
8.219207566772013
4.985307180707123
168.33476198732035
14.97320072280341
3.062360622488857
0
0.9794070461680963
0
3.177559250027084
0.8521907246378935
27.157709452369343
8.132991720292727
0
2.5922518135256545
0.6380983678270149
1.856316192675997
9.908481633888586
0
0
0
0
0
0
60.70194903631077
0
313.57467897764366
1.2454392970647394
754.1750885549731
30.032994977450667
4.151543158557237
0
1.1338941883519424
0
0.540977631923538
1.2324548894307514
0
0
0
2.0075795701101913
16.018029174191977
0
2.1827481482343503
3.1623163025669343
0
0
0
0
40.007627232061765
2.8127242942768405
2.9862697086495915
1.0672587135551654
489.648981909057
0
0.16876798997030495
5.79404449961181
0
0.9959250336383927
2.6720744875757694
22.9873412768937
3.740654888418101
0
14.268983632492832
16.9738880984871
0.5459318934976729
815.6523171733878
3.269354984852872
0
0
16.879845535686233
0
0
53.945719493121175
21.587620594821246
4.018796218652334
3.3968442393718288
66.23484093443489
29.23122481024127
29.07621126520842
0
1.4945319336243967
2.1380127895900944
2.4055890289798545
0
0
