22.587232748255648
1.7614334181138818
0
105.4679383875394
28.6299995835098
25.79016258373485
0.27913198749886503
2.4442907652954844
0
2.5853575737049166
0
12.787422530549199
0
0
94.92656590585818
1.2634352633936836
0
0
0
2.3654722005873756
0
35.21256448988027
1.9165899346066735
99.03376218790532
0
0
0
6.286185591921712
0.8860739602724771
0
8.86357056070819
6.082228349689752
0
0
70.93706559724626
0
3.5100618800981103
0.990918929063449
1.8582472930011011
1.041858112441709
0
0
0
0
2.015391394767712
0
0
1.2181992484758741
0
146.16350279904398
0
1.227748556844648
18.10234337675937
0
11.218383677915321
0
0
0
0.027563111357084114
1.970393527253682
0
82.09086061741337
0.37746229206306514
1.5489860343002118
45.45386660589938
217.73527028329048
0
76.71397094228799
0
0
23.052240360073924
2.7958099933288376
0
1.2018892442925797
1.835001010394559
0
346.92760033599865
0
2.6168452694885964
1.1756807630822177
0
625.5689719661952
0.823727167155726
777.9704273075823
0
7.688083707539816
0
47.15403066737952
7.077958942455146
105.73591943172983
8.231995881927677
0
508.1766739294803
142.1695897006747
0.31714679903654164
0.7925064438518307
0
0.42199147337493637
1.7957398686538826
0
0
9.81190785276033
4.880834801394245
5.089464139738468
15.649747509283985
0
636.5109626320157
0
0
36.00467643318836
1.3124218176275015
1.193126409580593
0.828170192962294
0
0
1.4543943575271143
0
0
8.538584540694398
0
0
43.91731333179073
0
50.30421637227497
2.489265967654768
0
13.247781408443098
0
113.6811518633246
0
0
1.97976552417814
21.295581481869817
0
43.98115510664474
0
0
0
0
0
0
1663.4121106476068
0
2.6694176371663563
0
0
0
0
56.64862408147334
0
1.9369971055947046
0
0
1.8418075504768647
850.3051778130372
273.4963078956899
0
0
3.157199198039911
2.420951818920651
6.088041512555023
22.88156678401205
0
0
1.47644735839115
0
0
0
32.59464006210538
0
1.6667312022502583
5.525283847531381
1.179860326450033
1.3762288563282565
39.112078626562976
0
0
0
0
3.623579714667797
0
0
1530.9801305295473
35.86425045533767
0
0
5.56890040323619
0
4.595794859940427
0
13.56852909059846
69.82773363268407
10.697192696559249
0
0
0
0.8534763597842474
0
29.92271116159092
0
1.7754189562093972
0
14.728187890560328
0
0
0
169.4059642892484
0
3.7489055335918158
0
0
15.12277725444092
0
4.926602313865133
2.8755878471198817
1.1948684215198706
10.049526237753577
1.3452863537661774
0
0
0
440.7545975306502
17.147714649839397
0
1.9513676704436647
85.50823287999854
0.928592043334481
362.4222274625176
0
12.961759184277241
2.7074363002993826
0.4928592794306649
0
55.537939617196244
0
1.8980848496515423
4.739861398847676
5.163951577534162
7.291442438474953
2.436823485036923
0
0.5566779397688125
19.62975825761975
267.9907250358717
0
0
0
0
0
10.927972264622479
90.52973628016585
0
0
609.1699167035559
0
29.255557050800178
0
1228.1986546252654
23.448465079810894
32.86300735424424
0
0
12.7398433613096
0
255.82515738531188
3.947876452588572
0
0
6.210971684443455
85.25044021739082
804.3509221036795
0
0
6.204182321839749
6.543584050544245
0
0
0
0
2.860691135275001
0
14.054839791124422
0.8880300265215133
0
0
0
0
0
104.68102808423951
2.3482852101059777
0
0
60.626759976015734
16.169543192532164
1.0396259351786543
8.897219467002325
0
6.357768846122772
0
0
0
0
30.677390176791615
4.589954380767203
2.70182519230194
0
0
0
11.167107019369364
1.0482385650674908
0
0
274.5328127996634
53.8715672214841
-0.09134506487572236
38.7726727180043
3.498646191448212
0
3.9140676968522112
1.8534498969427724
1.7976156062712536
13.364937719225395
468.952884856057
0
27.269499751676484
0
0
0
0
25.51289610827242
0
0
0
104.6503999034178
0
59.23839423832186
0
53.79045342243899
0.39126040226273195
0
0
27.440334232110757
1.4714529793585198
8.648661827445963
0.562525662050253
10795.280213762611
5.057270247852895
2.7708089570605487
1.4396805486734054
0
0
0
0.21627297412074864
0
0
1.854826806854296
4124.054115243398
0
845.9809109230938
0
0
0
1593.5776124589797
4.55087056189296
0
0
332.9824543294706
0
20.64696776227076
0
0
4.811812609700035
16.000947958423765
0
0
32.055355416201486
0
232.64940908881243
0
88.66634338367129
1.681121204944911
19.44248613654179
0
0
846.9032278073598
0
7.96284909937461
3453.297553195702
22.581252746909012
0
45.87118789469178
0
0
6.028662766035609
0
1.4800085748195713
21.9997065470905
0
0.7585411997987963
0
268.40659757913886
0
15.837637645325842
19.086783712000724
0
63.961293420506244
0
0
0
7.384790792941282
0
1.3063724982164882
0
1.2389254178254263
0
0
0
0.7170081109934929
1.0824666814523471
26.077802430479892
0
0
0
0
0
0
0
15.307308003682937
1.443799854507788
7.6243406102200275
7.806115323292682
4.699379512430191
0
1.2307758401211277
0
0
266.465953792377
1808.622319106075
2.7486091847471785
15.393952192163065
1.485020408808075
138.7894497029252
25.191551079550617
25.217839876365684
0
1.3374989228729075
8.57270782679511
23.089783275977638
0.7576638384666631
0
0
13.46874339221355
2.6908441371924976
269.06427624910077
45.07189007991183
0
7.534255136249545
0
1357.2185162576723
0.9069296369414184
4.077100844589342
0
1.3581655265236503
0
61.899688040699104
0
3.183833926490887
16.498455915938592
0
95.06139755259657
0
0
0
15.248585551056793
0
1.5048891706299545
0
18.87199722501032
1.1354647895281924
17.00502958533086
0
0.7874451788112761
0
16.23385053605723
0
1.0296351951744303
2.61629510159833
14.27092474725009
5.85958368653665
40.69993537412811
0
0
0
0.7975234269017022
60.13860850457191
3.709628982349344
37.01717184108485
40.4680375449768
0
40.40095858863533
13.911812856193995
2.3389319812266263
29.3996159776646
21.527786622981072
9.53624817759583
0
2.4083884383339464
2.6406093774477943
2.609902353633058
0
0.5462442114948376
0
3.1103725052807087
0
3.0443641708190885
10.83212461392022
0
8.356174832262806
0
0
0
0
831.3534675263857
0
0
4056.827381694642
0
9.949051252334048
0.7113013147057715
532.8780879815449
5.279153171658082
928.3989357156347
59.04105880607881
2.020050211376106
0
222.010033545543
0
7.394736305245418
28.326624093925997
0
768.5377793732205
1.455584093073425
1.5611741046098482
886.4141902025599
40.29707130315033
170.4054774599972
0
0
0
0
0.774731431150212
75.77041215318813
0
0
0
0
85.34571334300725
0.8228094809452036
4.376931148237769
7.296347392748606
0
0
0
645.7765952911531
0
2.6496764876034247
0
0
0
0
0
0
1.049072116588689
32.97329947590264
0
0
0
0
0
0
0
10.437249965254672
7.885263137269945
0
1.0933532496658134
0
4.597139142132224
1.3561050736012725
0
79.46067279469523
2.4524747498898436
0
0
1.5077359861190485
0
0
0
267.96114929064726
0.8053492928147559
712.6299939668418
10.02845986287548
0
0
0
0
2.2748019869441922
0
1.1333328897714214
0.6191701191860792
0
0
292.5755200769497
7.4556681580489075
-0.044897870173362664
10.398676715062969
-0.0906328433972643
0
14.21870075255427
84.66797578638655
0.8632463749527676
21.13459295434901
0
13.616814135872653
4.317394770677903
77.44154398900226
0
0
12.073579812272293
1.1964191232340975
164.3030772949063
0
0
0
2.1306545592473825
4.600793130574106
34.87238416287496
1.2996247636444433
171.02183595925567
0
0
7.506021846926682
1163.5939086859644
0
0
0
22.502922966468134
2.7040136230074205
-0.04192560907391818
19.108262827670288
1.1821221597107356
2.153408523756614
0
0
20.497991687304445
134.36882012604232
0
30.812291463542792
7.992968150782633
0.9331440216669368
0
7.571480806727257
0
0
1.117690781446136
2.000243748582201
0
0.33628403363125636
0
74.09765767153183
0
141.43299878481037
0
15.982457119223604
0
1.7577509067985795
5.906972541417705
0
0.8511737205402523
36.86856039472702
0
1.732416154561491
104.47278535278723
2.7581279583406326
0.7325084097504593
0
0
0
11.247411316779225
4419.716914974246
0
0
17.24867778346516
0
19.986310356761205
29.14040105117926
0
0
0
0
3.9504525752922843
0
0
0
1.831533639394907
12.2471123196488
0.9766552793870322
0.4169614523278067
0
0
0
44.59629915110097
1.1110769309836948
25.875916930284767
0
0
80.41257200750749
0
1374.3853644661544
0
0
1.876160225774191
0
2.183990995104806
6.402045332891572
0
0
1.237809048343314
0
0
0
1.1511818812421286
0
28.389893105144985
0
0
0
32.69461214731637
3.272598722885732
209.44578240880307
4444.614928332076
0
0
0
6.227130115029385
0
1.346105895918128
13.662999080521717
0
0
8.19318079399987
304.4318806850103
19.723612587231493
100.70129789797959
5.857835799730485
1.4780709176200635
2.7601186097972983
0.3533575945261276
0
6.440661481319319
0
128.84681735154032
0.6821869308542603
4.458660249657571
0
3.2197298721870955
269.57516583991463
24.607637166616684
33.580175260092034
8.643145177891778
0
0.03507758180432374
2.3101342200157347
1.3180959946674309
0
52.74329375877432
9.533399248072797
0.3829571603245997
23.802927869652592
1.9066920889421466
0
8.874689647203857
4.542730479967748
8.703779528772762
0
14.48233664047391
0
34.90487252779493
100.31447987677656
0
6.9844101478491245
2.1156057269246222
53.61607422486633
0
0
0
0
2.473228085153266
0
0
0
0
11.382492680671557
0
0
0
267.1113581118478
0
1.4279656983219662
0
0.31445305467830664
10.998334767077672
0
0
0
43.99919998710584
8.441452019827528
0
2697.545109352205
15.29563128881806
-0.2374926344424686
14.54550119310274
6.9720618121316145
13.124188316407844
79.29133969042913
20.82951261865481
0
0
0
4.5362575691154055
4.027292330831831
0
22.88522805018325
1.3900035630898635
12.900649445866154
0
0
0
0
1.3561455459910636
0
0
0
0.7163483033024514
109.23318246367589
1.5916882109124295
1.0028127214910616
17.38330546906513
9.410693764255853
0
0
67.9158053107559
0
0
5.401149980483541
0
0
0
7.811875616806416
0
0
0
15.851829504470857
375.49860153717515
0
1.57939682584465
58.09809905444424
0
0
0
35.12059005068076
1.6545131078491035
46.09470598329644
0
0
0
15.661626614049055
5.750590039677846
27.411639675120597
0
0
0
241.52490690335395
1.294743862432949
1.9566307695967422
4.727857877099946
0.7295362908831167
1.7192004316743537
0
1.226529318447541
0
2.34646859754041
0
204.10825919382654
1.3246598800561733
0.7316981705618721
0
1.2670473869145638
98.97252490959788
3.5282615894452007
0.2332940185860789
2.8337086679480867
4.091671795234342
0
0
0
3.0509294181995434
0
26.894865131452494
0
0
1.4602631784915046
1.5410889513272745
8.187423962699018
0
49.123113479334336
0
0
5.653404577432116
1.97462514160817
6.218836143264854
0
0
3.672995259922308
94.37568599360816
13.562355569534422
3.737442393342464
49.65866210010631
0
0
31.501092463342523
44.177432503188925
3.0260713879148398
5.497571098840228
10.077731267810025
0
0
1.2796124993124143
147.7032353499399
0
12.945954358752505
4.4835085273571345
0
5.557017175390194
6.616051773805299
0
0
0
0
0
26.28210560384535
0
3.7535398393689787
0
0
1.2160726945262512
0.652478544164822
4.127229701320514
0
0.9704803593301451
3.9754866578039394
0
0
436.8235203328541
0
0
155.6745248401562
3.1382381770953063
0
0
0.4323001727623017
191.69890817095654
25.141632045052418
17.36540514196461
50.810594469842314
3.3237390247847
0
0
648.3931944358084
0
0.43777077288017885
15.765025703510469
30.730767919077685
4.046037322859393
0
11.165985514431833
4.580424305015642
0
0
0
0
6.740221331237926
1.3087738786183762
1.4676544539200138
277.0156234332227
73.39529123985172
79.71455434110752
1.9099454110049667
6.307909342757915
16.74496607651699
0
