1.811561678845702
47.69893609468021
6.698790187833751
15.042471049184702
0
5.084426857964532
4.027581406136816
8.224597251245452
0
7.523107701157185
110.40445737147878
0
0
2.0012260595704907
146.38086843605868
0
767.0077465930192
50.696263443094786
1.1993190794730344
0
3460.391685131048
2.200638314050453
0
0
0
435.91519371293253
27.249495771046746
0
20.181296415982622
2313.6756972114954
2732.6153245597598
0.8177013517870919
4567.724354503176
0.9155788814972154
19.54402609322529
167.51679930550736
2.0948070229931046
98.17114700209044
27.947124849252784
0
0.44335754636432834
0
71.5730660790513
9.982659892001994
141.62249745508382
114.4866978099277
473.45994391206125
45.70208067041658
47.514712870902855
984.3877110668312
0
1.4132241201826874
904.8781314274206
1906.4085485381402
32.07176378296647
7.521015101315324
0
180.9210281934627
0
0
0
80.6156794626014
0
20.31060628126631
1.007510764243978
1.3987230769667907
1.1149864089018358
0
2.876997745242413
0
3.1978822912253633
0
57.987865531185676
14.4845323420464
0.8891889843127556
0
0
7.970623692440879
0
0
0
0
0
0
105.33557821417325
0
7.4368432606188
0
0
0
9.009589419533347
0
99.39347296714921
47.44635860804721
6.459256832932026
1.0798677686695954
0
3112.005549009227
0
31.818581904896444
78.49900903167804
16.79591109887868
10.700451466825628
6.6966894057361825
1.2268005150608068
0
393.59446656342374
16.43513207068927
0
36.24691685623841
0
34.29907486261151
5.41499563744145
1.9540971949380517
0
4.191952711665373
0
66.36776951553877
0
0.46514935832323057
31.080644231876843
0
0
66.33694996881343
74.47662764254314
10.17566043454426
93.86752824617494
110.41115116191705
0
0
1.1649435073482217
0
1.4476644507478347
0
0
0
29.50201127515415
0
0
7.644397758249493
0.9047167621274477
0
1.1848823723643698
190.14692682876407
0.6697883791224704
159.97205680898182
258.0523640957231
2.419856974871288
183.0565732544194
4.305998725203913
46.96726761933104
16.848004684867142
0
346.75264661153165
1.0073562809996475
0.9264034590127677
4.7368390369163205
174.70942492793782
265.72800504858265
15.128935473701878
7085.2429030037665
34.02287198917883
0
0
115.41999812227827
2.0797155940653007
0.7669297972139868
0
16.95471912516322
87.38689336509026
7.619266630722226
0.6678778708463114
0
0
0.6085356871803032
0
0
1.4640350306597305
2.7393052819777632
28.083084757884087
0
0
1.1521778321200862
0
6.121970017814203
949.1639636391618
0
1368.0746165004005
13.821350015491742
2.3355666697765045
0
81.58737054734497
0
0
8837.690022129455
0
0
50.00991177950595
17.689668908317397
0
153.36178532001145
8.80585739083733
261.22627290973026
0
21.54533149565957
0
128.23761183568715
52.008143409598325
1.5571671306288875
0.788854351400759
1365.3139204704905
26.502068871849257
0
0
0
363.3398894802106
0
0
0.09433280912579922
0
0
11.032888904344526
22.34272734763746
47.325623242214355
1.8514817535592845
0
2.3433053997583713
982.5779242426141
0.306637747675631
14701.458515752063
180.91120877202724
0
104.07319934777085
0
0
41.42071069297523
4.441373259134792
0
4.483479462343856
1.4356742816952188
2.162389765390542
0
75.96417519865602
0
15.802975838771443
4498.016382555278
0
5.515676539805947
48.07750003981181
9.542941051455616
0
3.275574527564058
4.705734338872926
0
1.5748427277359158
6004.824290208905
25.888986488571856
1.0695337941348777
5.696088870217484
16741.277764308183
36.5760261252679
51.30235830242223
3.6377927181609415
2.0853488955813813
2.180237041361816
8.767316730677836
5.610726079831403
21.02548939877678
11.411827909411429
58.86911676724971
0
0
0
25.418761075780708
0.4470149867244666
7.023990158080048
53.81102825080997
0
42.87188797498335
111.09084970881743
81.0938314740216
0
99.81662693470116
65.8378813091823
231.75425129752549
0
14.90489952162665
1334.7506841059626
0
0
16.997683463432764
2.553879499969362
1.4026326761635408
432.4330196068834
314.91507250735526
0
5468.793682550226
1.6615916062582459
4.044725707824421
7.113858928071867
9.666852426673726
284.3127766841357
1.5113273242654421
59.18189796461994
0
12.412082483207827
0
126.84630476772946
0
83.04145693364349
0
0
29.04181941931124
3.7660968841065907
2.191542222061405
0
0
0
57.36790454741101
1.8951854171870348
2184.9142550498173
0
73548.2488691495
0
2832.512522700201
0
20.064667705367793
86.16383760389462
-0.25954391873431026
0.8336496430141176
1.3120893306258243
144.04735046770617
1811.6035633530923
32.21735263721797
84.62031479955944
3.615032051859489
0
0
0
0
255.4953067618527
0
2.4245876881711177
0.5696363747294657
0.8186843354019373
5.619071551226595
2.135560435853141
80.86196754044852
758.2910649192845
50.65652012546261
0
7058.1478502136415
12.431997477061726
0
0.4526054776356293
34.088719729372826
0
6.9545534009904255
5406.284271994363
0
0
0
0.16761673212364103
0
878.8739910712445
0
12.269102869326314
9.514445348105838
62.125431386741354
10.155250049886302
4799.387682751813
265.658647425596
0
25.14096532762583
0
0.9295284443398028
59.728185651347715
0
3.5656167880102236
863.3143147052414
0
1.6211273730769573
15.579558164908935
4295.65745409142
13.478549602495292
12666.216828327473
1.6643773579861112
1.4218019581579369
10.390227465567657
0.4512145761285766
3.0205309107870373
18.114622787907837
759.7477880630516
0
1135.0721780463246
353.67909020294906
19.13107939721856
1.6221302048100137
21.08837603119649
205.4050348682604
29.563208160757192
359.4417292299389
2.5031788719222288
28.30469962286771
2.06058608429455
0
486.69498646372784
0
5.877155380455113
6.942525049055092
0
0.9513145489225174
0
0
237.9914710801299
0
65.79413621180315
0
0
0
280.6708824422654
9.545462142322828
1.3128295650010873
0
109.83043870263435
0
2.062569923437484
5.813650070643021
355.5161036622845
0.9449521874465351
0
0
48.749399845369965
0.48632739950528503
0.5406024427141458
0
558.5603547609385
2.778902102673188
26.23906842282336
193.77531567143274
5.527080973416009
2.1276600517892215
14.539616325492316
393.98601626387244
1.6168512520518257
199.1073762789485
17.43378010458794
60.568144995575175
1.9192178097210557
9.811597799916253
0
4.021411716597026
162.0821344687858
0
0
4.7312808145426155
0
22.19481199453581
0
3.564742620428416
23.41156845060363
1019.0205893980007
0
0
29.392072553919306
26.408853664798706
14.657745088105209
0
4.9266504457731255
2.7738681631138373
0
3.9645233076835855
2.395379063388563
22.383416897967244
3.1802405686667607
10.80323444699096
9.043099966152901
3.3594755906436506
0
0.7041584562464089
20.03389743035048
0
0
2.708973478452343
1.0507746164399125
628.9346557357468
10.728157954212731
17.119321548034254
178.21351577953894
39.48718148328854
47.45496785062413
14.129821550791263
23.304613273211476
0
927.9482236930611
0
5.362149467673094
5.021290360737757
0
0
0
42.266267241948576
1.3215000202220502
4220.352747013952
1.8116735761059877
140.16548053308327
1.7146647485505013
856.1058958659288
73.23011604437657
0
0
5.121588932234584
1.9193134376509053
6045.331714137018
0
0
0
0
0
33.27375147976368
16.97541447901236
0
718.3858112316292
0
0
67.21901526858277
10.801995795557294
0
6.665795672982938
20.544967029902942
16.75416441436457
0
144.0353060571003
1.7780726304793621
13.798711601281582
40.80898473356117
0
0
29.54348258644962
0
6.619764545679713
0
1.014341884932896
0
1705.1378779871873
8.672980945189499
1.1605998329569418
3802.0134697029284
2713.5884097705252
0
0
10.846791073748655
0
40.48040877366452
1.3304971772970084
2.2421506496446884
9.686699341960807
0
18.440782458647526
819.6933331449118
298.70286056622683
0.4505341349828157
1.8486090610905612
2.8330125783410267
325.11676146012445
0
7.3066373945374945
0
190.07826795952272
2.939758306849047
0
0
0
9.672255330651842
0
14311.560611819841
204.0005166038666
167.17365043704675
0
0
0
79.52277440433338
0
2133.2156266181128
10.374929296003254
0
4.980716539917834
72.3905954333436
1.745818932984641
0
17869.128812873885
78.15814153428431
0
0
0
279.4605790200797
0
0
0
2.128139763264192
0
8.511567429545762
0
0
1757.5250966495832
40.499221723990466
11.253503088978496
29.715496560782487
169.14404957611458
38.7265119417859
0
13.198215926368945
5.193496882360349
0
10.734774450018472
2.577552905443099
0
19450.846865456653
141.23523339363592
149.06107929018634
843.7970264475589
0
0
0
1.0452185215267877
8.50703865077614
23.12859600051209
5.310668034551031
0.7610203112331266
0
1.6306097697842517
8.883505418646653
5.810315291667346
4.184058529519476
519.982013979148
44.8330145690147
42.819012547809876
0
8.425572857441486
5.46276347125843
51429.6412146633
2.8722482824598883
6.722419263008092
0
127.34358851487826
0
0.9079766887032799
3.324553917933882
1.1576878050670822
0
0
1.0834258595675554
23.422783978145993
1.1644290644435915
55.827886743131415
0.31055563093465843
1640.0439030274874
1.2091859227876767
77.82727707041704
235.92112536991817
0
0
0
1.5416424589438549
0
1.3233826967804911
45.50005464198618
0
116.93177316474171
6.023055868326262
49.272788166928784
478.43882289840127
0.6156004239835171
0.4291023692065238
0.792918130891891
67.60506284920471
1249.8193844752432
0
166.07349909044788
14.085114157321033
225.3444811824951
0
132.82278969917436
0
0.9718615786420925
35.966363492092434
4.3294982085604845
54.072370672197295
194.65439635955397
29.08051456835616
0
1.8635474361781188
0
10.878569169413034
1967.368239979214
1.6885150761626964
0
5.086753479358249
30.45310445011392
3.0792512906915093
0
5.044539363487201
9.224189722238911
0
0
44.72360799924677
0
101.00450531499146
3.5403025330781
92.94276570249916
0
329.76425111288745
0
8.861119705962787
856.4285685488807
2.6816073503214666
68.85396741459914
0
2.941382912359584
0
2.04586028129944
0
1.1016946449651996
0
0
3.9875855931506465
593.5394137804623
2.4711364102649487
25.6038545646966
0
27.545134435591326
0
0
4.413952375425088
0
0
0
1.2498812021339485
0.5579882160234672
6.049035066823439
2527.810179368672
0
1.7174630630227572
1.770107758034418
8.659942449724628
0
1.1406178375465688
1336.4622389712738
0.11571491597698458
3.7228204403886296
1.475395450967016
1.5145235567917128
11.706185193391056
7.997071174998819
0
0.1018042590621443
0
0
62534.44414113143
100.15644983705126
2.922159023829955
0
0
7831.188594741738
1455.7262422726496
14.827566209954998
0
0
0
0
0
28.73327944492584
96.49410441653276
1.5108865893285588
0
0
2.9143455310234607
279.55928173368324
5197.484434107398
0.5717018906501818
259.4437632444957
80.04974593279381
0
36.643079837292774
0
1.3620159646361814
0
20.168235425399725
454.008766359788
0.06706559149868463
3.5724596199966276
86.63494521057929
4.033735879277516
0
0
0
0
0.19661244172753456
1193.8897534967628
0
0
1.2875424096743704
22.21972416609071
0
0
0
0
7.433338809866021
852.281768604119
48.525589604145345
1.8485414287279718
4384.549676146562
79.31497766625596
289.3297188701825
0.46915880820158107
1.1387522896651767
0
379.92063048735315
0
3.4815169571409124
0.1636059803038783
4.705644697277349
36.42194037823742
0
36.42718572602723
3.2788397777087996
0
0
3.0846990050210934
11.229166604589993
3.0485301787287744
184.4649965752155
1754.8419088548274
1.7001580087061507
0
0.1690393535198813
59.06738699687581
284.68224223475164
42.168089390606745
46.561588231108246
0
582.9983425202764
0
25.561049836274734
23.048482888341514
2.5206268940382834
5.9680666556438915
1.2075966969411709
1.1134065309596801
0.46580122835844995
0
14.722317388675494
0
0
601.3771628813516
16569.590511600374
2035.2506145729865
11.12260609108725
1.1030518923010293
0
10.432364719705392
0
68.7028112873814
2.4987629394492714
18.250155579714825
0
1.3491432993226322
1.5515288226340984
0
0
49.61426649175361
0
46.53228902640923
0
12.08182611283481
3.4648876329261404
0.6839174275970233
14.639747908615252
32.762040416159984
5.779891944677092
0
0
335.80823068583277
1.4016370731679204
3137.644655310506
64.05311170882968
141853.87604801363
206.27293544159025
0
204.95982211309465
21590.343648684
21.300656483440815
0
3.639104353222669
2.245432764938043
2.628418611140863
52.81944880586396
2369.6890402180675
0
0
2.37460697394188
11.81700321793738
0
17.794092633858842
4.544788359148878
91.11667166364579
19.209821056322024
356.21568769470286
0.8684283845743499
1185.7801699068468
5.478347885723739
106.03332575106735
0
2464.679742861951
0
92.93864713779806
29.58558739476272
0.5539057617407559
3.2403189532609327
39.46771376802524
0
31.34442031275182
8.32772799785285
0
7.4781042732213505
0
30.967426396910582
102.81640091252734
11.746642535484886
1.6553401813656148
641.8770593154552
6.712296298071142
1.894697638583001
484.81610399798177
1.6255870363037888
1.4126838836954991
178.43891963730917
12785.721930791975
0
0
15.817218698018968
0
1.806177729695746
0
0
45.817186324721305
3.769559745224019
2.2840178046024904
104.45142134786336
0
0
3.9362197798063128
17.193969427638905
1.1182497938515485
0
0
31873.992209669806
33.81577441745342
150.28681540712995
4802.522569468432
0
728.0727122218285
2.0690819506934046
1618.2990821766791
0
0
0
0
0
0
5.173893758288684
0
0
1.2049583498277567
0
12.943777247354543
5.8902865695117725
9697.185611023424
7.709689758402268
809.5160411721328
9.475662041616744
0
0
0.6017522874325493
1.1283119180546368
233.80050473026893
1179.892980920396
0
1.5909418288431914
0
0.5214399878068455
127.77212748409266
56.40344723260159
119.77035325129603
0.6148250805075612
1.8168267678600425
45.28492989443946
3477.276671479162
1.3715861530063247
0
