1.257162311206633
64.87257139359531
117.61526608989506
49.4775930547218
13.409914606966973
0
6.10000602740314
0
0
1.152469418779429
224.41312716543322
7.438871190043715
4008.8741965641675
0
0
0
1.7236248545226989
0
2.126902666965386
189.4612682659573
8.455322576697258
0
29.34841894258482
431.9040594809909
0
85.05204643370823
31.497209181999715
0
212.9151358876041
19.38112181069041
23.575280684102648
17.697676169073365
0.9017012090854142
214.84474282016865
7.9208425121355015
0
0.9280116784431038
188.620764633196
43.07586460396607
6.575367022696601
2.966219176881043
0
1.685985184671083
0
80.21283312960742
1.3478307957407574
1.1426495550878886
3.5867513177792443
0
0
472.5708177540154
0
0.7153040431859068
0
0
0
2.652546946170487
0
38.625681488631095
0.6419484612320476
26.64597471371731
0
119.46633347588137
0
0
0
16.265219254670797
0
19.349738430565292
0
0
880.3041179179133
0
0
13.957752733868073
0
0.9196323690719945
0
0
30.133418930929583
1.176122681424315
74.50180891235853
221.9737065390122
198.01225371083606
0
919.6474295908611
0
0
0
0
3.804399264813311
0
91.6654241148259
21.78644856394224
0
0
0.3613638998950681
0
0
240.98893107196335
1100.64223598819
0
0
0
0
0
1.113519645887218
14.338537694404407
22.62516436424822
12.660678104356023
22.198244830756426
0.5571577410655107
1.9084139442155479
81.48350527643194
75.88904334813384
120.51180131090062
490.3746717085552
20.65737598104175
0
9.83694507490997
0
0
0
3.7117796705281263
32.40617776236438
0
267.347798364903
4.040675264040304
2.0530912268141046
1.1860514752398137
0
0
0
79.92186592546571
3.4956112815209246
578.0370669805664
1.1518445230557879
0
9.343598349374549
4.286473423582148
1784.602649316976
652.2084099376348
0
0
1.9483160922064577
2.7708257910853464
0
190.7815421365943
0
8.45306170957567
4.552944095814706
4.885892521959477
0
0
0
482.4297900723759
0.7344634464389932
31.674984160432736
6.448295346833555
10.791967337417805
0
0
3.2710926552778514
257.4330965969999
0
0
1.1336544411702774
5.6494697345135565
33.75866386664357
2.760672246043273
0
8.107545850920967
38.897037154331485
2.912361996528739
1.2807099307842091
0
0
0
21.696122514760003
12.39668814636645
0
5.37427369702664
0
21.116664537579773
0
96.41166865161759
0.8890763690956572
5.485758231612506
0.8583889734592254
1473.372075849987
4.141732955385291
2.1441214137173987
1.2552912776760805
48.45741670136761
5232.412939860411
0
1.3313320712549568
0
8.007704702191075
0
16.016025725727797
0
118.11466848161561
0
0
0
29.955874781847676
0
35.569708607439715
2.0885777758425137
1.9303315571856945
0
18.208778903352826
0
130.0956257615585
43.618045772178654
0
12.07885825840873
0.11472514942470424
0.29408439851530566
0
0
325.61916129127576
0
0
5.676413282101954
0
1318.0864976952223
24.315397133737243
0
0
15.402017312062405
2.211724058655264
0
0
0.7025488792524252
0
1.7367110885756962
4.3779288051239025
36.14882905642296
0
0
0
92.76227103952895
75.6284044438799
0
2.1490356129327783
2.157617553376091
3.280115817490856
2.33855041404445
2.823095717160203
0
2.0838864303307205
0
1.0245176736297812
0
1.0724285248332184
2891.373727230188
1.0437960584577588
0
0
248.8481564665814
0
12.593167230118317
20.789835959468938
18.0062361607692
0
12.094796255898455
0.9837090181263081
0
19.459375175549965
0
2.285363151422228
14.071678660366402
0
0
0
0
4.434280265491013
28.131370360751788
0
0
38.50622860847332
0
2215.286222731755
37.6995265632452
23.096198528480826
1.091744634101438
0
0
0
0
122.38351838598656
1.266395668190729
47.2725121464634
146.84130122150526
6.694682269771944
74.56217713575629
1.6157209213486383
1.2261471638828128
0
14.41319428085435
0
12.350249757882166
0
4.049927173597128
6.414722535390896
0
3.227027182698774
0
4.721173007282276
33.37398133585529
1.8214462608022028
95.9518895175138
17.260327821069062
1.6356518791238837
0.9837129372615031
1.0927252613245104
12.337451271628444
0
9.42476804180003
59.22068192208662
0.58348013590068
2077.4133439710695
4.20089447981636
15.454366790095886
0
0
8.077269768086339
0
0
340.93013465270917
4.309136207234356
0
268.4930054897195
23.866805798329064
145.16832396266432
1.9294054223220012
0
0
1.9660522750867613
0
0
742.2935881512084
156.8120034339833
112.05575192338311
19.47615835439813
2.8268529951213477
0
0
0
60.22395270744684
1.1379827095748252
0
549.1448261070473
0
0
118.55726727733008
0
11.355821938868534
12.201661272660775
0
15.39486962540684
0
23.66849928831415
0.9914457310061093
3.2859629008737232
61.476324762855256
0
64.32479268666599
1.4920437331550684
0.8443328327491976
0
4.11842133203733
0
447.2149436928888
3.161843804341676
4.152894532186133
0.81915328522928
258.80920334868426
31.004187409400387
0
271.60428024768913
4.782674533759308
0
48.27006082015368
12.287992840827851
0
0
2.6910254216889986
7.153385537736461
2.917872674407397
4.4794661843691195
1.9841193063650922
12.017215770178083
0
0.6548172148695133
0
0
0
625.6346248262859
1.050344741077469
5.094069241482822
0
-0.194635238203958
0
0
36.32086643011524
14.47614828720646
2.502093793776303
1.3656590559498563
0.8685273938977376
7.1069818980908614
0
27.694763423772507
0
2.648572052617788
2.553697910338987
0
13.203633444329313
109.2472697091077
9.255214363793142
0
77.01727389173557
35.424461832137744
42.096856101678654
0
0.5621280528176068
45.67724493470864
2.231554691928402
29.754221330756753
0
0
0
2.060190040539857
2.3670557383694515
295.2860091475936
2.166899659998427
128.59872917362415
336.82445406741914
37.66629641950738
0
473.9067141007122
5.157867118079007
0
24.742713637963472
6.823242083109275
82.29780287560227
7.364777196456927
780.1725795426117
0
0
17.901846171188517
7.257374109391557
1.0939598232324164
0
1.686473118910138
0
0
9.434241262433659
0.5357580765362908
12.45637131138205
4.387509934064469
0
0
0
11.662189560408923
0
0.021681234732152554
0
0.9569714792005841
133.0774920627567
1.9318830416178079
0
7.386369765624176
6.64513166518542
2.5796369151496403
0
0
0
2.767152491735752
0
0
1.4291149031344716
0
1877.530450555327
1310.3461083257255
3.476603516216722
109.29476918745138
2.02757895694347
4.425327051721617
0
0.33104099789717045
0
1.865978600674027
0
2.435803882402749
3.9902025524202736
42.73231343958285
1.6543052974970265
0.7977541732055754
3.701222796125388
0
0
5.347768719635749
0
0
488.7802801837917
0
1.9130479182896158
0.9587758947522551
2.9328179065695488
0.24705163623609228
0
2.0201762622441413
42.392037524780875
6.26274778678571
0
0
0
0.8050578706711161
0.46712248389094824
5.187722111257243
26.256120508563015
0
82.03696457425796
0.9861828257327949
23.949491212325814
2455.8494341830933
0
0
0
0
0
0
0
4.301923320896043
4.355709081489563
0
1.0005767170006337
0
8.464307608754728
0
0
0
12.415698307392553
1.5715909665164955
0.7227118157587162
0
51.48826165679826
0
7.241904414529965
0
1.9884328918033263
82.18985017989299
32.35896210874626
2671.7137782370964
0.7677683023454169
1852.7690939807287
0
18.388798267013474
1.664093894904785
4.545807531806766
41.94408085736983
9.99561965497693
0.28206131963050507
6.647877797374219
0
0
0
24.77075564908292
0.8512475950993812
0
0
0
78.10953109007511
36.345651159164845
15.50319733465533
5.418060142302265
57.136149285969665
0
41.5590308881292
0
0
0
5.975312418737068
1.866354877762189
8.12709318198943
3.6129511797068066
0
0
1087.3961467331678
0
85.21222881635731
3.293661018114329
1.8587617562924952
116.90055824591386
0
0
23.566515376365306
0
2.3970738622415992
0
0
0
25.124262070449824
0
83.80513911233379
1811.0929146375086
73.97612911618778
0
7.289043664791387
1.5922310584449013
2707.542712535818
0
0
0
163.51937624849822
695.3555368473569
0
21.525417766733412
0.9898620362912451
13.279109712489499
2.556536389331053
124.80813477242907
0
2.6500612667322505
1.0821026722382154
0
0
0.6094805353873355
0
2.3579011301307133
0.560616723009455
0
0
1.6919410519009506
0
362.4292211656412
0.8299033273376932
0
106.5666566621799
0.7648478264695877
0
11.789149173170632
15.629723694829444
0
0
0
5.261639524233894
58.65177663638106
18.831285503013834
0
12.3140279642472
0
0
0
2.6887809803781835
17.83957814891682
0
2.609408805822614
0
259.1291570057912
0
0
0
6.932967249320987
19.83749792553241
0
70.4253000474428
0
0
0
0
0
20.99367340490659
1.783512364583247
1104.816163997612
6.571277641795259
42.90488048819654
0.7493923397039488
7.762430599430904
462.23324934774985
0
3.3339975039440266
0.6594045232708965
0
1.356894560421242
2162.98034005557
63.28887724754283
0.7688549965707228
0
0
0
0
859.8253277556385
1223.9133707859478
534.5639753296512
10.60987800098677
0
0
0.17893366045767112
0
11.281256933269775
0
0
10.957888393526462
856.2842523188633
0
0
1.6996218572346526
31.189158923517322
4.275580540766089
62.15763584515751
101.1772444744048
0
7.286535270907518
1.4493811966935222
0
11.564307322150237
47.30793462564835
1.2208174362629407
1.3203196799701928
2.6215047878300584
8.729647640406654
167.8233130695978
0
12.363616918590672
0
1589.6442408612243
8.202015331118847
0
1.4219548744420094
0
37.063121368112085
429.14465801461733
0
9.184680452192087
2.587425842046396
6.636151200022219
0
0
5.506105109808418
25.103460849662596
2.207068052170775
2.5337214805421215
0
0
54.19260589186988
0
4.8983625049573565
0
0
0
3.1677563648281364
0.7389394272469687
0
0
14.180746347316985
5.820246798877188
0
0
110.3129273922105
441.31906008172956
1.1238153700507518
4.176374305617417
0
0
3.8715390080399597
200.63222422279225
8.62809203339625
1371.2562578413954
0
504.7457823715356
1.4732821050151488
0
0
10.89564112512094
0.9797155564059218
1.2853568238303041
0
10.154443203256148
1.497197628040722
185.45900907782465
13.029327889877353
0
112.73625899150436
0
0
1.937804873832908
96.42935052498773
19.527050468753938
0
0
0
0
0
66.74052963896078
0.6726858445577328
1.9238073015588748
4.3057977950658275
0
0
2540.72492158213
0
1.0804187833186967
5.780107203848826
0
0
3.4079393639905033
0
40.22811853408986
131.22491754178827
0
0
4.183954131244091
0
5982.79037644179
0.34851811619401685
35.711558745436584
0
1.3204361529456274
57.25406657252661
0
542.5947821338347
3.1524347126465573
4.771429928514746
82.91388488885018
0.9419958885952968
0
1.6724956333762027
0
0
0
3.8242520374041566
723.9891544456572
4.213024129480565
0
0.42280997350156957
0
0.3584889129665848
18.49486233956951
222.40822703128524
3168.1417960068698
7.986805591581218
41.158849524166925
0.7946115372562769
0.4794432460047504
0
0.2853952229840354
0
2.9668021961260416
0.34836457472726357
0
11.526362057973726
0
0
0.6024532336037234
1.6978950791245118
0
0
30.191522183504194
2.0952028466502037
2.7059384199394936
0
3.3338880137118667
-0.17653177515102625
2.0154823946816736
86.91179239433811
4.441813987148632
0
19602.398428521
1.845309860643571
0
245.03362448216296
58.42780323614996
110.19330356928643
268.82190742078853
0
0.7181776355268153
0
-0.39689849081492756
0
4.6010068114854095
0.9975394808641675
27.195742592908672
41.834952493321886
3.1181478768486293
0
4.2489684334545545
0
0
3.7883700798481676
13.049281045312355
25.435696418950474
284.9385736626771
7.098153799116534
1.5347399895219662
0.43938083423722507
6.402434860249852
5.9285205834582
7.112558433780524
0.917288688547427
2307.311076581368
0
0
80.28124802680024
21.449092797549596
0.4768777349249139
40.43664699754179
0.50461022849065
0
1.9080041703411945
0
15.532056002582976
1.2971942634362406
0
0.9135046574128716
0
0
0
0
5.801626017938094
21.954410418461734
20.069546840692404
0
0
1.0318083988935112
0
5.005540002747626
29.24515900788867
0
0
437.8493236165768
50.59706479545437
10.95868780874306
11.688691974192658
0
0
0.6214406259698269
62.17544040221237
2.304160984578873
0
0
0
20.619284230038403
0
0
1.0476942471636566
0.7441754160574412
0.873322322990143
378.1351055340779
3.0775615757237897
1.431390130582789
0
7.435783823592734
26.11932145628047
0.8808294289884127
0
5.545857073060763
19.025846037173814
506.06331134279327
26.44766101143687
32438.817407339775
1.337495168793582
0
2556.3967196251183
0
0.5007221805947488
2.160281071412466
486.1232925535023
495.55401581083595
5.998795452098151
0
4.101240963162161
1.4721779800836634
1.0579923793741732
652.7614498627504
0
4.133881878914769
0.8165648340401827
0.7508900807607287
22.589489465951367
2124.0870183256466
4.638318652967579
0
0
67.31320894252282
1.0308111171220797
0
0
3.9133914457616212
0
0
0
0
5.1635586050000075
10.13660441617308
0
0
