0
12.499755377100753
1.2782124359545517
142.4354568106882
18.24233405775591
43.317282667356224
0
0
3.3834094728781405
0
0
34.28668207464831
0
0
7.702003989424455
0
0
3.5994668086924726
0
0
130.5322591746617
206.37418704984958
67.40037317177443
0
51.193264417499286
0
1.614310781461907
0
0
0
1426.9819702386355
6.2033010081254965
32.63324596723316
2.3307099314918487
589.7961062532145
17.28060823474823
2662.4170673991225
0
0.4997862913079939
0
274.9012609202518
0
0
4.341657483143263
15.490044211415547
0
0.8917909477753672
0
5.505815293288306
19.149319067884097
119.93377047312869
0.6043207423705415
7.554692802484321
0
0
34.94108267760653
0.5821020050023507
44.83660760882657
371.25601547578145
0
3.4923359432726375
97.2263729813767
0
1.3158813921675296
14.62070186650456
0
0
0
4.763710225068959
17.185469186063827
0
3.122295357622812
370.5363187061392
0
1624.3694320750526
0.8017139727561562
9.058337931261804
232.01917586927178
2.070186301501538
0
203.76702040473182
0
0
306.81059322173905
0
29.697085326665444
10.959177641863318
0.9963746823610693
10.389633000667176
26.549550357972
0
7.021682520096234
0
321.5690606450843
0
0
1.521288638087675
0
0
0
0
31.022622389150598
8.132126601355608
0
493.9208169190113
0
0.3057400102331804
0.36257671308948747
33.14989389129179
408.5407168660749
0
0
3.442834885604669
671.3349241154306
1.5740798453574172
29.98954973629777
34.943348547652526
0
0
31.6920461536655
483.1718320939141
5.839255366313683
675.560682796787
0
0.7939795910381159
1.7436775155488609
15.16865777216401
44.26994397496964
0
59.28791269139907
199.63443543220666
0.8826569435912267
1.407666455163693
101.82170595952721
1.0899264709927547
1625.3083738510077
0
7.023726894754148
40.970107626004705
0
50.38709455840904
34.22791805007624
9304.783054796024
1.0243450852807907
0
172.27063725147585
0
0.17861396037671629
6.10165833029197
0
76.56919365250572
9.500868568173257
0
710.0619616240207
1086.056976934263
0
0
73.38762766385915
0
0.2939573859272736
0
5.602434312900291
14.524986334868062
1250.0040825324302
0
0
6212.558357995711
0.7713112708090224
0
2.1609854007106586
0
139.73103836640962
39.64134607860571
11.764659209351146
0
0
59.00679728708133
42.311200623274175
0
0
0
10.366224464907557
0
0
622.837818702557
2.563868008556359
0
0
603.1879405838943
0
610.2543109069754
157.1297706800186
0.4021812117990853
0
0
12.152100414959351
11.455196491083337
31.790669173462707
0
143.67582503933156
622.7106498574561
2.1592579658867477
113.84837012163543
9.620584728841624
0
11.788199155466765
1.3848192178240697
68.19337532419273
133.18024988807542
3.5378286534858905
594.6415273751952
1.4864693252205226
4.2432786093256905
0
3.7254738469360875
0
37.94228242190388
0
962.7707324563239
5779.506864276787
0
0
1.4597105531743058
0
0
737.3673792567643
0
0
11.065706538956372
4.665033648875266
4.657109053699036
3.9272346728052105
143.67949956504953
1.3136845931210643
276.8700247986726
588.5708543884039
1.0609051054378578
22.821709656154308
133.52623634354384
24.751052861267922
0
0
196.9744963725967
0
20.319280906755903
4.953586982730819
12.584449005452761
1.7641907369851433
4.031983050589023
0
0.9433315106969492
0
295.9845983841063
2.757382031832238
0
1.9639461057122696
5.214840973990186
4.491774058961946
4.601563098602986
223.54184377395833
0
4.527382317020103
130.61043705715028
0
207.86819419587587
2.9501418345953487
274.6685213647406
3.9940978197432293
0
18.300914244668334
0.7784071287581882
0
3.5322614082652164
0.5987906761283162
1.034147632795535
562.5307279881105
5576.445386128391
0
3197.8558899593677
12.83362866546737
35.14558306027956
243.70891860358213
2163.0522202529773
0
18.123865035219872
4.857963318128574
0
0
1.5475622656343087
0
0
0
0
1.8660334443938118
8.823410428632052
0
4.856057095153451
35.03704680957726
0
0
5.384392838097525
78.29790888148402
2.5548320929817274
1.8884851564325256
0
0
91.00964118796094
4.4053841584834
884.8570705194774
0
421.54824334176453
3.8559333272975103
0
47.768402564465916
0
0
236.14678574133148
125.73698991486762
1.2885311932011614
4359.706537697949
2.0186043200513644
1517.7940363754499
2759.147923133924
0
648.3746545827026
0
37.53832904179733
21.344054245265383
0
0
156.1870264085627
7.033005795818953
17.431836786635817
0
1322.1035412315853
0
0
2.615806919689569
1.248048948053513
0
3369.8433404246575
157.6077700971391
89.9862407168605
29.63901473919822
9.566320222764947
122.93309312667047
28.667141993809672
0
222.72903109061681
2730.6149911304246
1.1028510552873114
0
411.9547179794876
3.5708255575396315
0
59.230001244634444
0
17.192394487125206
0
12.117606289180618
0
0
16.518765604263276
20.445811491317112
0
3.025866086287137
89.96460095903349
0
2.6696443633753817
6.22161813658281
4.567997939449594
36.518647234933745
6.698007624749111
4.752802421509518
0.43175033809341234
1.394915891497415
4.851793737036472
0
4.451380630455804
0
22.065242532778907
29440.958665702354
188.03738002382488
7.4059828925633155
0
3.4740186073491746
64.55042489532241
735.0097047025562
0
2.972235715238128
5.9261464627118885
0.7938755569559823
632.1158497761741
0
32.36141894570518
14.938905281764022
15.552321352203823
0
0
0
489.7873073199128
5.905740406178413
2.7266350624407636
0
1.389311132203252
3.6344517865688184
3.41339197053572
0
0
624.0768999054118
30.392958489971157
37.36324879602218
32.32414005294435
15.04642302784478
0.9830168610307043
0.8075835706795849
212.83008033746103
37.6723910055017
2.3031325021558464
0
0.9602559918987367
0
3.0540635068704147
2.062328356264029
10.5355767573747
0.9727640617405909
18.778721821286783
804.2574084862002
284.93757031996734
0.8834029054202166
7.241874359022557
0.23479640107237887
22.380476159845987
0
0
54716.93641259792
160.08387089876896
0
0
451.4891177080276
161.6688133840881
0
2.7002050709727587
0
5.195218662294247
60.96805556536605
4.373879885878452
7.441485590797365
0.36834312925467116
0.9266901607944553
6.438991530533211
43.18368065001048
52.27622554844321
0
20.0331166282903
1.020639839955629
314.9155598705831
83.95866320465522
0
13.255340026185351
0
479.2163399886799
9.505791432204491
0
0.8971293608314465
0
0
0
2.682557951456544
0
4.832271395900664
65.66272925995294
0.5203937566795965
1476.403600962977
0
0
18.970970145209478
0
21.115850987711347
0
3374.558005158899
0
524.6593934911438
0
0
0
0
0
0
5.911438341068525
5.268805035511663
1.0568396622865495
0
5.50666322881345
10941.12072721301
0
4.976665783312909
96.36246208259175
19.893242468137583
0
681.9445052045104
0
0.9860550736759826
0
0
4.617743377345592
16.489175886924308
0
2.7427863084002797
0
0.9487165113261752
0
0.8099001668157302
0
2.3214294572376026
0.4767206988121746
178.6962887607038
111.46127793229006
83.68871476876478
1.7579933623848216
35.00327217810864
28.44546653784347
0
0
177.58909664747145
41.59547451534523
3819.589537775323
1.539674817186783
5.441477367578616
0
17.10167185927698
0
0
3.8039338167952095
0
306.95745978884327
0
2.0688769940768967
0
1947.5106312422204
669.995469037426
18.086759339283716
63.75937155940674
15.985279712739437
0
8.152696291350829
0
25.483123957473907
2547.686615717088
0
0
60.83088746181033
1.8764832740286752
0
1.3459673684148266
157.34402862163586
0
0.583877670496875
18.759630052797156
0
351.95630161239603
16.3683952842683
2.086929565718028
4.903737151630201
5619.718288039997
1.1115276156906664
12.248825057366705
202.0259585883018
135.5352294094936
0
0
0
0
701.4045937725076
138.8240798661817
577.5906953459848
25.32718443236513
1.3845317898345502
3.1391248178257793
0
117.62722426255733
2.948668884698222
0
0
14.352722000861712
0
0
129.67571521519793
6654.882133476394
48.88849178255908
220.6786266316242
0
130.62474477709947
0
0
142.00997344032004
57.21700609568793
0
6.393674799196604
0
17.14839611076235
14.938616876413198
2.070913836982813
525.3488529427691
1.259912172297165
6.864073771617037
2.693341201898197
30.066655021045424
0
301.9094869814486
49.91720455061425
0
29.618758298400746
2.6790658841151984
0
4.671278468719101
10.595880170685714
0
0.9441143748675263
37.35125137350406
229.5605542094617
0
4025.6297127957887
0
0
30.392167361632186
0
0
4.479734502184386
369.8309252839937
0
0.585295663112043
3.0354646061624675
0
0.6154865893201331
313.758870121991
0
0.4077626449664784
7.3683267261059955
0
8.099506321282682
2594.0112309494366
8230.64480308264
84.45818282135902
166.1885729596145
1.7351111827644763
0
471.5543003135868
9.537570361989081
4.7614294539847215
205.47949550990518
1.8411539755130129
12.505537109989927
28.72865913909638
527.4633731641103
1.6506264614349346
0
0.5771832176189144
32.60884468877166
247625.69737999135
0
0
79.18819937033864
24.08000793590066
0
0
11.628694837395258
1091.3301290162092
2.1367441441891004
0
32.98484838345417
37.59766902235547
25.372238562282845
0
5.326170364669167
0
71.77263457815721
3904.3866611559292
0
0
0.7658902945002368
0
0
201.56284530504198
367.9230629088452
115.5508162082843
0
11.028394960451529
3.475883371457036
54.03458572648776
1.0762396242171237
0
0
128.36428134973698
0
173.4795216339644
6.589984484257896
25.474397066345592
59.7393141853173
1.2741663129892264
3.789835219985098
1.2524834851978255
2.3594227179454608
106.92779587284784
0
11662.857086698581
63.965447950734195
0
3.960403107467321
13.46382571885354
21.068826126268352
30.48631253116907
22.071839714965364
18.43416366071054
23.787131830131838
1.3596293780010233
28.336287200381573
961.6077869508297
1.3091831024556417
3.469474895101149
0
0
19.52753777003335
35.55317488419565
0
1.5356462091723175
0
0
115.68464445390423
3.517717815123731
0
0
3406.3009852715245
0
151.29511108982163
0
19.02144160506622
13.940523393812732
5.336502302439679
8.374495891664997
1.938260909623966
339.6440301502588
4.945267959429238
0
7.773960471729552
15.938154119840807
0
5.889963134620805
28.904038610446605
20.481604086176727
4.595983473064056
3.191427824126653
485.86444306007496
0
434.36965776914707
29.649838823260442
156.21214859857247
0.4083100369202165
17.74505548211799
1.6811476272733183
91.52086656939085
0.5445645181470533
0
0
0.3555325594052574
0
1.6479829490738571
1.8190494438525535
0.8061859356066406
0
0
3.035168120955386
5.550309245865082
0
0
0
0
2069.965042544275
0
323.7177504680307
69.9419457152319
0
10.411444106214129
10.90353170999406
0
3.1830467197422854
4.497898366751855
0.7562285330346279
64.53553996872384
95.86590209636783
286.7874579365487
0
48.20970807831251
19.351583639761472
0
11.487323350809902
168.9490019536602
0.2780944160686324
1918.988038477934
40.45562388131334
1.8752324815171415
0
0
0
25.19399188681975
1.1507997869135667
65.11074322523804
3.5093339567524815
0
2.4173439026419263
1.1236770329099517
0.19855341312518615
0
44.35521820007964
0
1.2061924113238744
2.315366647675473
99800.4041256702
87.37717176838889
12.490034942537608
5.8064583330437705
0
0
4.178281192198142
14.725930180954423
149.41096861977604
0
0
271.8305173793165
6.006185217057966
0
1.1749085689734176
7.386016351914612
0
32.87561432436408
0
0
0
0
123.94144860241235
4.108464181282988
61.43419275356442
459.6744968061825
48.700869774316224
6.1159786134929
0
9993.46173363677
5794.316313615142
10.383001788806014
280.3786129153461
67.68336444070819
0
185.09395035091308
3746.9039733711807
7.036941831159923
0
119.79876140560688
137.80229620511344
1.6408984308350898
0
11.196207294985523
1999.9931736600192
2.0510535050208993
50.751135253518626
1.7136740812949003
23.071885696058224
0
47.90220981108199
0
2163.882576111888
247.17374551124408
0
114.79790381484683
47.76818620381801
0
0.6692180599706983
148.0328745541949
0
1.188747622979573
133.2143646513768
0
0
18.01140335746662
26.83536720987968
1.7224799366662515
870.5656993293233
1.1564494108538326
65.48960054525055
107.45183096767227
857.947881986401
0
70.71186845510165
0
55.06065608338867
1106.2632733447497
451.827000315737
0
4.448146113537627
1.075544887056226
5.492125465866767
18.653803470553452
0
13938.289480562067
0
10.366825430158482
98.37523375650538
0
2.1517246860902928
0
0.9146039678190636
3.3703119027413884
0
7158.0373445890045
0
1.0050351440363516
393.90556969012
8.106303984727798
0
33.420064526748604
0
0
186.5171572118412
0
0
1.9362338187764494
6.711265596339429
46.0035631680855
107.78498997016077
4.645436261496759
0
5.494198012709232
6.55420268069523
0.303924316002782
0
0
2.2803816335629272
1982.9868117198223
0
6.079995711517965
2.167630568057583
0
0
0.9210303188394275
7.048023108518745
2.662216650872386
1.3474071538489798
0
15.107872095740912
278.3059283872051
6.472802039432056
0
716.1481444384235
0
557.043526249826
1798.196843675998
16.357785314561475
25.821875264017297
262.09655933676083
33288.070434237765
10.18969254232157
4398.320267855119
39.75629341442454
2.098273628692943
7.045143790137492
18.510341739604847
1.2829945392266113
1.392724795442285
0
0
4.963876041323054
1868.4249317247018
0
2.6820083498780503
22.07778591385241
67.81421082926316
19.506514717921984
1.944562882231274
1.4014385707814339
379.75690357913726
0
576.9034049321374
0
10.327655034575006
1.0903045058668654
48.402603574547534
0
0
6.905149239465334
3.5271357199877404
1.645862782296983
306.49997858703813
3440.2380060965525
20.044181905853332
0
0
1216.059073667742
2096.3939267848978
0
121.93878328033018
5651.584296107657
