1.9049442164274986
7.565643352990581
5.226056579015355
120.18170660377835
0
0.8505589706575378
20.350014159171035
315.7701200844249
20.111327814244213
15.17437756435669
0
1532.805297182046
4.237198802813676
4.883521275741232
102.9913288821838
281.2281392034332
0
4.022663192621341
30.906293801222045
8.955206486761748
0
0
2.1614167815068077
2.1515950499202714
30.711088250126725
11.61762749336315
0
0.7158850483623451
0.8387384845829716
0
18.812205997705785
1314.773163597371
0.9164384299165185
0.5442900385711947
4.436916044163912
1267.1719634471626
0
33.76460952242026
0
0
0
39.39722401043514
4216.341630766026
12.043220806589588
0
1.0875850270154546
3.9892800728942133
54.731941469412384
0
1360.8057380387816
144.07109889525023
1.5845758689280327
0
0
128.5925404427672
0
0
0
5.2307819410774865
8824.851254144123
0
0
0
2.5618396601344275
2.27962364225814
23.92238607304984
4.922052202984638
804.1382643806327
0
150.015364351057
1.3519370153242822
0.22721109869682876
0
0
128.8387250289989
38.47364179746468
5.076710383179605
36.050475056891045
0
80.46338982382767
2.69770178431802
25.074244528425265
0
4792.693179245015
0.7006011900034195
0
125.66979639528515
110.36038869105525
1042.4732285680975
839.8264928939009
0
29.4521611207863
271.95049339906706
2.231811741713613
162.51622667047891
1.884450461298032
39.30490211473993
728.740369925788
36.230646329640436
0
0
0
4.160570466685873
0
3.842927078526701
3046.579749783468
1219.10136134678
0
1292.7242912279014
1.187642795223231
0
1.4869035948469187
0.03939066413779224
70.10968944761076
29.94134853449249
0
6.799213597098862
0
61.0516630233607
0
0
1.031524878260333
0
3.007989727969089
11.339939565382084
28.000410619238494
0
0
0.9810296291778956
0
0
9.92554319160459
127.93112077508306
0
1.3065448629120633
0
0
53.001365698656656
0
0
0
-0.017213879215528305
0
5.648608443857071
0.2703855063886854
0
0
0
185.4342391083624
1880.8664453623394
0
5.042375378590404
0
12.52536323230336
84.93040188375134
21.04120499842565
1.35215862696929
0.8730336743777654
61.10754472101168
350.15036870399854
11.49497650991142
0
11.438386377236675
0
0
0
2553.4201326445436
0
0.7848528715635297
1916.796647805835
2.2178798549717165
0
258.424714352212
299.45330242756813
148.85589144798794
0.8857352592631786
0
0
0
116.32425067421165
0
0
0
0.6808121388742607
8.347802341951553
0
0
0
32.982934013990715
0
0
40910.511232839475
1.375699281707634
16.797574369897667
0
0
414.33786308183164
538.2960187189019
15.391852620161352
1069.2650818858574
2564.502609907426
2.5165104653953883
0
936.3437502382718
0
0
0
0
442.9564574972626
46.59234088129163
25.287872371876237
57.31794191970075
6.6206517567776615
0
1.1353350765419776
0
1606.987145522993
0
1.0902934808171507
0
25224.897347062375
0
0
0.26391548765280803
0
0.9829937711727743
0
0
678.5691457787248
1.6492026880114858
0
1761.631141113175
0
0
3.1710834418564904
0
0
10.824323738582034
0
1.7594462842245338
80.09202360524472
0
1.4733927315112405
4.173213985849097
2.857102118474567
148.97097256124403
33.68709208441298
9.562899930636242
0
86.07635266607612
0
3.3470260466493253
202.84288347052976
1.9443507696921163
3.289330731832735
61.25772388508706
0
16.492907426464
0
199.6093878537474
20.41165632565496
0
354.63016434155793
7.719559334198497
0
0
85.35320233324126
0
0
56.568693755543926
35.09950693335807
0
109.62470932163372
0
0
0
14.576562491402543
1.416695032851091
0
270.1446549171726
5.3232670517641925
203.6678965016402
19.82659845538354
0
0
0.4475429027221216
0
0
39.19844224611204
0
34.671420224923686
11.688731996647434
521.2040887026955
458.7246702321449
0
455.91193723981297
1.654363029069472
381.62139689794
5.159088284817619
7.0463526897238005
764.0990738165253
4.0909511792646125
0
2.6572468945845884
3.607485437209755
46.07342915223443
175.97944710468278
0
6.029583114697189
0
1.4892583203846437
0
1123.5950570635916
4.508251791532661
38.343442987220506
8.512420171802722
0
6.998343669790986
80.020177132028
12.27517650715208
180.64419860346177
1.4118855103895138
0
40.90240498631377
98.0814224284087
4.845332205236557
6.365228805539987
6.932642454345917
0
34.255254767537274
6.696888359657176
0.2946887071866474
0
4.744194999783361
122.47240813863911
33.916276079955416
0
0
0.4116926614577555
3.323918705754538
1416.3047603993414
0
1.681419945631402
12.947930173220099
300.72981057215924
43.1465675504219
0
335.0032050267482
6.404514194333842
16.07329492672269
0
43.24530878738367
0.5415866666995981
0.7015851420924688
204.66908537116592
0.5175183722813899
21.393107093735097
1.4564686987627486
76.75843264081752
0
4.232070180922022
0.8469405341373145
481.1202359981232
0
0
0
8.565625694330185
2.2243881093575877
558.5596114485011
2.1689511160509065
11.897073616655488
105.98653297726918
16.955296384947854
0
5.420073966869417
0
1.8849336036292401
37.60121781578036
1.615652954412404
0
904.2900266633117
0
6.897246367746673
123.76199490561702
0
10.359865323324275
0
0
147.2626482661186
0
589.3108573030318
1.6852461981850002
162.48000887414446
0
0
1.389721486848456
6.7728532137495385
0
0.9209156052114068
5.5600404615939905
0
27.784283013899074
21.45390195602542
0
0
0
0
0
368.8141373177706
0
11.530002646910988
0.9191920885866105
0.6839688130940136
7.892585861326998
0.8417292191321877
0
0
141.9356552331176
3075.1372750084697
0
89.91343707352529
52.49708895105155
3.9253834032975017
357.724101767777
0
0
9.778879954359123
0.8901025788694739
11171.22595796701
7.950716759214717
145.26581536668974
1.9215439858123808
0
23.035038008587474
0
2.0181782719100387
3.559009142620296
798.3148673546243
0
379.6635047285013
0
0
10.583421638033894
25.83524414876838
0
0
0.1773500266913577
2.12018599330192
4.4929977195418385
0
0
6643.0647211108735
0
5.312548418979403
0
6.2677015084429435
94.43908026861197
0
0
23.406389241555623
29.099130522563193
1.7856268543951057
6.107300543743977
266.095964015793
2.478655346856118
0
0
15.209329993490819
213.3688851667042
0
0
248.34040583812893
1.3588379433466935
24.010784018783635
10.360544325001891
3.516928135029823
4.5441875817793855
12.761009843630664
0
0
20.003086298017127
30.879718149877842
2.3707487884375933
7187.172985817416
29.320842349170352
800.0943333259175
0
0
911.6563670163496
0.6670469083755483
0
13.287214631190134
0
12.00517137488264
1.4174451878659
0
0
0
0.9010173893860914
44.6774194971673
7.854794826368684
32.03708490321786
375.8656616481755
0
0.45414457566228594
0
48.6838563788955
42.841681290423224
6.529560733740985
2.6466876788830476
1.9957146346549999
0.2850768381742035
0
0
42.09644450992851
0
0.7031539672449251
20.47563454260716
2.6971827159430615
0
20.03670515440424
12.308799112360127
0
0
1.0591406456731165
889.1409173456606
19.44763655209527
0
0
13.478030493238466
1.637408438929358
888.8458871223462
0
6.282395976379342
25.478380036669876
5.1186245548319675
0
5.143678710461863
0
0
0
77.87770033292583
92.87570028844289
0
0
0
0
2.84922014142932
56.14950075054685
1536.4809693542672
0
0.8240917087902067
0
0
10.685575910908755
0
6.619167211182377
0
3.9517534513696844
0
0
14.348462984035617
0
0
1.8061977249799956
0
44.09149846882251
1.7130228886770544
0
0
3.4385231585021465
0
18.775251773475233
5.473269756604887
0.7762742964285783
0
5.565237474279624
0
6.184112564632034
0
0
12.7874203781703
1.3078095352340595
0
0
18042.018246053856
0
3.9990959916384705
2.4662277278437816
3.7786231493742894
17.592401039591632
2.5777617243404083
0
0
143.3480112079511
1892.8235128749945
8.13161295907851
3.0974320636019286
5.923366047438764
0
0
0
1.7363500165958912
2.106924662070311
7.337806681294079
10.759459356067783
74.72197112351829
0
0
1.6054904153985319
22.844953901437933
87.78532440440792
0
803.4201043497685
7.966405458132407
9391.55152733428
0
36.723463298288074
0.5620345501287569
1.3877133785857338
9.321978489461776
6.44160911806213
0
15.41286564582856
0.7312695196027945
15.22947568192133
105.58313124163905
0
0
0
1.5759952111644009
68.72612868473747
0
5.476875295922146
0
0
6.109947641356544
3.250593121093709
5.305782178479851
637.8078224397491
0
0
0
0.8853424259351848
20.33444441544016
3.6802104452285693
0
22.276649724486404
26.762586373463506
4.238154507897905
112.35197577407989
0
0
1.987556459883968
242.96058310335422
1.7707638338459941
1394.5965187344977
0
89.93940945772563
2280.225330658525
46.891385390068194
1.893050052881756
1.318094075541492
0
1.2025854059961611
2.2299663512624877
13.722234479909387
1.3576508888866425
0
0
2.4374036675600883
206.60039601888522
2.3109314842329587
0
21.353892073247405
0.9773892436326418
70.41992634056442
5.027240029672517
0
24.503279561983252
1083.0215864149632
1.3359631787344037
82.55749757416494
-0.044315857539489745
230.828698381713
32.757260940535694
8.702977236105346
0
511.5955160776082
2.6155109719712635
68.26496572055623
188.86746371401875
0
1.6909089368792083
223.05487231953828
0
0
3.561016098903369
18.34814619001372
0
42.14799102874707
0
0
0
0
0
19.5299648101237
0
3.0771676258309184
225.66581372594072
0
1.5912351148124988
0.2718703426063196
97.88767018766568
26.56434916119982
9.048829414072252
17.096719832701062
0
13.723421174274037
39.60121285417156
2044.0171220891104
6.105378173574158
9.62012097344143
17.056160166479646
0
36.61392634612665
11.67191348088791
0.7798419172094831
831.8543676228874
1611.542977783294
24.84846245660318
252.78413393617032
14.900518453514014
0
0
2722.326767171239
2297.335088285059
0.416501275097952
0
238.2217853787388
44.60131148024019
179.3072491875669
408.21399205881994
39.937702165981314
0
0
0
96.72093274298629
269.05465866983906
2194.063010334307
0
33.82696660990022
17.317631383638002
0.9188146986787069
1.6550418361063026
0
0
82.64708319047166
0
0
212.7303479699527
0
0
9.591591953030107
12.925052465506994
36.321639276087744
13.62992708713999
6.674038203690114
296.7862899401906
329.54323779797545
5.344406242379847
0
486.23917474790596
24.79559339200215
1.8561260973955276
2.7253955030416948
1025.740233131423
0
10.177915269930416
0
1.6282159013782618
0
2.9289327932830274
0
30.970223296409852
54.15546875039884
0
0
1.5614648890201943
1.7353088032170314
0
6.974171997110711
60.120654589408296
18.583639902703606
1078.8963202277891
133.82922685476558
0.6117077820262491
2.067276037680962
10.515413192935622
0
1.3626890093389097
1.5872666068647356
5.171714008757101
0
0
604.9107293164515
19.747125515178308
1.981527775203578
0
2153.0727402776884
1.9206992126389362
187.80511426595467
0
0
0
74.30767628867808
0
0
8.271098467370807
6.384973220819955
1789.6081848368958
0
16.38214353632684
20.552033887835545
87.97704471517629
0
0
27.91035065814759
0
0
2.4225095009891144
0
8.542278087060017
0
0
23.15735603147145
1.452391748469016
333.0457283346261
0
0
52.476594954148496
0
0.6807957231503079
0
0
0
195.70459996923026
0
6.995889921689838
1.9146528540751178
0
0
10.25601332969514
0
772.4994292204176
0.7875274327173853
187.17677317419216
0
9.884543216968652
2.345259506515614
0
0
3.9968070761255183
0
0
0
35.24979914095863
20.26447339256026
0
0.21402294939169808
12.098865839743654
0
29.892844435246843
0
5.761725961491347
3.4239950411983155
2.2108020077019983
178.75270826639223
0
73.5657173556862
18.060882195396303
89.52750010079865
13.859719361682037
0
38.6634111108079
4.216931555777627
-0.1339670677939575
0
0
10.605156018867364
52.47093556891856
0
590.3437198965869
0
95.82135285464918
4.762257998052537
30.65120939516666
1.025383511276151
79407.25911347053
16.911069770042904
9866.88127578203
1.6435664203660423
607.435599374287
1.0174418265564857
0
0
11.87241293888543
9.135478520986354
11.674791687673416
0
0
0
0
433.51576625526866
48.268383830564424
0
1.0689504019912184
0
5.86236119768698
8.734335856908858
17.13061689523835
9.493680503961231
2.113948860637697
654.5919606685557
0.4393939335432595
0
0
4.986254278047141
0
2943.053405437551
3.226634115231068
56.334600911617514
191.9584278818343
0
2.65240055341739
70.78821322219997
70.65038045146838
0
394.795541352561
0
38.160242747127036
0
0
0
216.5963095724639
0
15.770889158156194
2103.852881776946
0
1.1018044586930928
17.503150052190062
5.617177854682405
610.3661052174701
9275.597107460295
13979.10812948686
0
0
3.165458827731967
40.5693552852277
1096.88360118789
10.921869549076842
11.109133254130377
0
4.631171096774367
4.38304050361674
2.1645575392184138
1.8759782524701083
72.19449098623176
269.06705109641536
6.018425783209
1.2502876754845755
21.675194919509696
213.43246478903527
0
0
24.063546988813457
0
0.2592654550364659
0
0
0
0
309.0277411915418
25.101017622726268
0
3.7572330295751426
0
1.942242874143428
16.327493467960444
1.398448044141297
127.49232176383636
22.251313521189356
2.430751839527249
7.430380732002101
1.7293192986933283
0
37.39148064048718
1.4588428234453856
18.02740569713618
59.921985959200356
