3.138509486332157
0.6333501410168494
0
909.697150190808
26.92314496503953
0
101.14693640023928
18.368024817242954
0
0
1.2137382997910224
0
6206.553403995387
8.988565194380659
26.86418187234294
0
-0.04148392059280659
0.769612445339257
2.16688070998768
13.97448154243363
0
13.644836469725877
1.7360814802708724
2.335950107393086
7.720836262252776
1.3815566634111025
479.0238338102766
1.2395511857506205
10.764640778863425
3.7098875946288756
0
2.40365964397102
2193.254000696253
99331.6540047048
17.77079482546562
7.7278383290531165
0.8844828934213056
0
16.727693175587714
113.78123196572662
113.4222884391725
0
6.983615093820607
77.94159178419537
8.185595148597839
855.3122843780068
0
21.70138159403752
128.96417161729528
31.465255830918533
9.985339941305835
0
0
0.4448959445646241
0
0
15.416864172372168
0
1.8843025508052502
2.88333301009952
0.675362675348862
9.565361996057678
0.5274565476528048
3124.511778235203
1.8787876965958057
2.512266761450685
0
0
1.1066972931400523
0
0.7404088348865991
0
0
19.148924884512734
5.990088728712244
1.4635994350425534
0.17351811162500885
0
3.908582513306606
0
24.34826752939171
0
0
0
2.1779802788024796
40.33036398891044
39.69436794484949
24.14199756575001
3.2656200661796313
0
2115.798398426724
1.0473696902237735
0
39.26775106977392
1.0184474416149032
8.718810908060345
2.486615697787591
0
22.473297652958205
131.17994906767387
1484.746114745809
0
5576.117518878587
52.50492423109946
7.932649941395653
1.2242538183054354
0.9219383668746584
0
14.078458634138322
18.212560714952517
236.04362445188823
0
6.580823408787253
0
0
9.18170372015275
5.547096925052287
1.7584638603755467
17.958050742480577
0
277.1939335281265
218.1005388509828
0.9695587456062413
0
0
65.29102460622269
2.9361498382573457
85.57972642235065
0
0
30.32865005071552
0
85.50496494843672
0
212.31629219516526
14.190193094161561
0
0
0
0
20.774677533075682
0.5770899290066998
0
20.948771261765962
0
0.9029460146877353
0
0
0
0
0
0.9524314833674284
0
6.72483943710803
38.14676307855087
0.9053948697886988
0
17.482545627226436
0
69.60127420437692
157.29266625663192
2.46859523619617
10.638760250114903
1.7575945975610217
0
47.29733548457985
0.538047661196521
0
0
28.34983814510683
239.72539913041533
2342.3211579876333
0
442.07938180941454
11.284356545256486
266.51121258815743
0
0
0
35.25237180055667
0
0
0
0
0.5519523147341099
158.1099217188417
6.674440946823166
169.63572122474392
1005.3837685964958
5.762786416447542
13.0020403517884
2.5631201493155826
0
0
0
564.9497687626882
57.287421687566
32.30364615102018
14.782826243745061
7.204136356851318
2.7587172213957394
183.56854191440408
0
7.940694816450197
5.570629420302215
10.591397362188996
0
2.332321478230213
323.1969572033644
60.812881381029094
0
0
553.549770836119
0.7777670400528763
103.52176955049228
0
1.5249769407132492
2.631823081941869
238.17863323709904
31.521037825547584
1484.255098557067
589.1438054862426
0
0
0
137.67819280899607
1.0644491614965668
2.8551212081255413
5.47232830891898
1.2593867046849314
0
2.471349200577599
91.64604219169004
19.480853780927458
0
56.1935263794846
1.9496380898000507
344.2111890779958
0
97.7760752210956
182.64939310718992
2.014361772923445
306.8301425207591
0
133.21151987944188
1028.0031490222923
2.209140196878365
1.6848329001149716
14.10108193653365
0.2745189166409615
1275.2610485769962
0
0
278.78096703880954
36.42516009599801
23.07258284965005
0
20.010365330728156
2.394463405758541
910.070000666403
1.9835936748590641
0
60.723225280071226
0
0
0
1.7736250806890874
0
0.87429847817149
0
0
0
109.72953522657319
0.7166441375256588
585.7824891313984
903.0159861826528
0.5650248821762527
0
3.184182834901361
3.5860542522699044
11.928214698399096
0
5.292575017700162
0
0.44380519545701236
41.612521298010265
0
332.29749141157237
0
36.071365087861594
1.3928891661038658
1.1955999090402887
0
2.9489817648825225
7.11101097963355
3.706370411105451
9.228119096816684
8.568811316210915
52.932246528944
0
0
4.750500665497285
3.4430673746164007
2.3298699698358947
48.24715320023643
660.7277506354255
0
2.019754037725292
1.5646247086735423
0
163.80021503467577
11.106866951402093
-0.34441263394614396
42.14618884100016
1.0143718661655392
0
0
3.367208512923961
0
0
1.9849313009287468
2.403939150962621
3.2707771129871768
0
0
0
14.250846464960041
1096.199847280515
0
0
0
0
1158.9796874994129
4.828777322871311
0
4.826950626351947
40.92238469691004
8.718548830278959
66.36825681190395
0
654.0494193821994
0
0.21008399973066505
0
17.108876006656796
37.29326705008766
0
0
1.7687549417727564
0
0
1.0789206134011575
0
0
0
8.818587605102904
150.25716308720155
38.82360444304961
469.5545882475356
37.21653461354436
0
4.484739115945659
260.5154868727446
12.08979327786871
2.4398908928610528
9.849623705735668
0
4.117417928129904
0
0
67.35661078981825
47.15237295463285
0
2.7083110223241214
0
6.2857403596689165
0.49988796167051863
11.291524628132423
0
0
1.2771971739674177
3.6304345284684336
0
13.922539917704274
0
33.81184446561356
12.651469719389185
0
0
0.9233765811105674
0
14.165205337395165
7.291453667905559
1.0909243725048516
81.9305905846573
92.53119170999891
9.867705389848641
4.712923864634087
0
15.532680565364387
92.70150440311748
29.297154408345563
0
9.182625709911713
12.356839483784512
0.8320319071924147
3.424468107181246
4.128293462389375
2.3271727249502376
2322.895899199405
0
3.0676252431423747
5.334785491905496
51.14810917032526
22.753830227140185
6337.96998796446
171.42235938512852
43.50958372633887
16.967313514423697
0
45.045859268179356
3.237604188973484
60.83152496935162
483.79624790166315
4.292902939801252
107.09255484705467
52.48528692623258
0.8093714017942669
0
2.6574349543693034
0
0
6.631205539756445
0
11.316879568873848
0
0
1021.2060005378985
2.349646301378847
12.547831814983592
0
0
6.661212659848598
1.0714298652465375
3.4025718852257425
8303.15823894923
10.021037585479263
485.6392487523083
0.46839470895284907
35.4972174900759
0
85.77025661599573
4.353768124870355
6.617892714245255
0
0
498.203406439771
0
0
1.8234107726718163
0
0
3.853469655324393
0.8658739772305495
526.7727446940038
0.8837251815907015
37.94862023401631
0.7022846470903188
0
0.23216734195992983
1052.1187825527802
0
0.6220137596917448
0
0.9736908521681196
0
0
0
75.71884845370731
44.400340891410956
119.84517074030865
14.195814082747084
1184.1316260926178
75.0605892393491
30.91200477401467
109.75060874001454
1.2379579916312378
-0.13889056877153805
7.856616378989278
0
0
262.0635233082168
0.2296877824912813
4.510945741834115
223.606745831117
32.06270251606683
1.4643553363802815
5.637253729792802
9.328604702570582
0
15.415226769284871
0
1.2401597603455499
0
13.609205866495888
0.7266112747994662
15.442162120222156
174.9783237341435
4.75319708264415
0
7.762549226952004
29.833045257142473
0
8.960399443388132
0.834687439551464
28.31726901018055
455.6406789513493
292.2064758436155
12.867919825577449
0
0
5.126229832011801
78.46419387912593
927.2386913610201
0
0.592619975506475
12.93747869898478
403.2026261180857
0
0
0
0
0
100.73415212317381
0
0.9712648995882243
0
2507.119420658746
48.988456826860684
0.6896018023331352
0
64.54649112688648
5.808471926393161
0
2.696564037447531
0
14.161875531764526
0
16.95003787077015
21.958577273129812
1.2768945848194218
4.794528092146364
0
0
0
0
0
1.785921328323311
0
2.1696184839867603
159.14528472296257
127.6998898295656
56416.76136636607
0.7708901486547699
9.4400376149398
0
16.8532343660584
1.9361963249359722
2.867233076976903
5.91737872764363
65.25872007966028
65.21904455130228
0
2.5672663582018345
35.374127884288974
6.880074006179404
0
1.0699644447447185
375.7902769656066
1.5555643949919555
0
0.6774169054417277
2.2430314981620603
0
0.09629097621009108
0.9127001944801498
0
0
0
0
0
0
0
61.44145380833863
681.23770156513
36.522370288629986
33.720576244791566
754.3114262516002
0
0
25.749337016144825
0
0
0
15.221572358772708
0
0.2615589633855546
0
0
0
16.35655435479507
0.41589376290180724
0.24618287840606545
18.36411929516407
0
29.65825314886166
1.4902602005293826
0
0.3041129953834707
55.05557545360323
0
372.04914218630785
300.36226704718644
0
0
0
0
1.4718220533533888
212.86538061549956
0
2384.014284544549
7.968164370688496
24.22294282298499
60.48025989471826
0.8987491346223889
0
8.418234733852685
13.044811002222785
0
156922.88629097622
74.1230227793055
31.762292294218152
0
301.01655156553784
0
0
201.07614174334975
0
1.824367155266604
0
1105.1513776828697
0
0
168.85869722816662
20.574245815380454
382.11078326426014
2428.5044764272657
14.750871084563162
0
0
0.5992640947349882
10.734456419782553
0
0
1.2492825379987893
0
1.9380654072849484
4.550691141569762
5.445427412392239
2.826526554861781
12.344855597152907
0
0
0
2.514364465285709
0
0
0
0
207.65895115455677
56.921707298516566
2088.8317151386223
0
0
41.29982938608449
0
0
6.385888900722147
1103.9703432720078
38.27512079516765
184.3540569337746
276.05980100950285
142.5564112523042
0.34749255605084406
1.1347946182209296
0
6.286634523781235
0
381.7881698783435
2.204055853254485
3.174819064668626
0
488.3281413828721
37.899800351030734
11.410635948773807
0
0
0
2.4885499470923795
91.07340975200471
1556.6928324551532
0
34.79959992327455
12.852773583723517
0.19200189068243267
7.858783722689877
0
0
0.289313495189811
0
0
0
0
0
148.42130876955176
21.61241753682046
199.7349040877472
0.9764061399452603
11.018144851077667
0.9613912282170605
5.576014989292694
0
0
0.9421637062276476
0
0
0
31.06045669431112
0.3492204906879929
232.63523779144757
0
19.66626267005606
0.8766107056694555
1.6732068427244415
279.1829646364187
22.589678766027337
1.7664615578632654
1.6249995560283337
5.099366819414155
101.6443078523394
149.8555626370222
33.14648697845983
4.455931082738449
0.26286047495733256
0
0
252.64493783767466
0
0
77.76715517158463
16.81517940555679
1.9111234205033838
3.7778475302440193
56.28768017109182
53.98655781993855
0
74962.15042192055
0
0
0.9299727805807056
0
3.1444169352343105
0
1.7992047616687645
13.148323633224887
-0.09254059909887791
7.149649603183241
1.1481878679816926
5.263448216975335
0.7148147070832107
6.684286165862198
0
46.85225721302392
67.41402211733303
2.206464429318821
2.286314995484884
0.576458252745671
12.197057615342304
1.81795196573197
13.753712047670012
0
28.801956400480165
68.99413005190073
20.500256817680256
516.633771609708
0
13.787112791486782
40.666080981122015
1.2738945117961458
13.321728293074242
48.0907405308446
0
1.2908957076581746
3.624983326834597
21.573336981435762
0
297.13849121449766
0
2898.0258764296186
439.22578998841095
0
36.673399523500734
70.04873071681928
0
1.619108882936939
0
26.095466720638512
2893.0370197395514
40.249300560799036
113.51209771098151
0.3482578838593692
87.47558870089395
0
0.5095856270343577
8.532130600771996
126.20721079612743
245.14934461356708
3.3122379171607195
1.9170301648696602
1.236141989034228
0
26.164976272419118
0
139.30208196122314
0
16.773905233137295
3.0058186394924844
41.2571738273081
508.7568686409027
0.8059871374533902
0
0
0
24.6767164212822
0
10.914853290603356
49.30951543772907
4.411121475965177
182.51638613228317
148.75656636419282
1.2777620613286509
18.124784023594184
138.221751747433
0
290.0251877215812
1.146100246254961
0
0
25.507344984940374
0
214.60096762017437
0.7261670855735809
13.726505919975027
0
0.7295501729018127
0
1.9123962847646248
0
0
1.2709365488071518
220.75036115713547
0
2478.920882576914
72.90451915243231
1613.5419280800884
24.99689350184333
71.15273436400724
30.718576006332206
0
32.70704410900719
215.60063950280409
197.24115722628508
6.648348520179068
0
4.5102217713394435
3.051430535721277
0
8.734414693587283
0
53.20986662854737
0
83.29477126864096
0
0.4749606978023495
4238.325673721742
0
54.16689579719181
0
0.7834339364798273
0
0
1.4147205290186906
0.04188717806401887
407.1413986384956
0
0
10.403661239399884
1.3853708371837985
1.065643687112667
0
2338.7151811579506
0
0
5.238600265434449
2.061342896081511
0
1131.2056546094861
0
2.3910656753208945
0
0
1.52414132936858
92.5770831263295
0.2792042913634346
13.883334149407053
0
0
0
2.523634874854049
445.45689887786045
0
0
0
3.4811650844180426
1500.8444280658553
5.236965711074168
0
0
0
5.265271589090208
0
14044.545640002587
503.5004248651039
14.001654383213165
0
33.70236189567428
5.1072847372609225
135.41524211817233
0.6600175898218652
0
22.63731942118703
4.458944470586157
124.33355235330238
0
2.8267988342677977
0
2.2662684184144304
0
4.554644407468389
0
6.473511897317271
0
0.9619736638573226
1.5086017317385418
35.19415078485542
9.786387747512832
0
92.17277450730515
678.0898647585385
6.549139624117071
1688.7964313247562
0
364.14221719454343
29.89976171908392
1152.737712238863
0.9135853948135305
0
0.7222811375765277
2.380043541427538
3.504848914369518
0.8980480587376397
0
0
1.2500676940465762
4939.400014710677
0
8.02859245059048
0
0
0
0
47.260945393233165
2.7872950697159222
0
2.429966305683198
4.957356892563414
0
1.1185028303106952
0
420.36753809967576
