0
33.22770756509923
0
0
11.421794631527591
174.0476600746199
0.7380249657807527
71.2931100790037
0
2.85430884143532
67.27743898888349
0
135.97087536254386
0
4.439622517162563
0
1.608692616869443
2460.6309185332384
0
0
17.49471092437514
92.49607454459004
44.05190439293007
0.8300371121525462
191.1581212783728
9.150739952851362
13.92914232228884
0
3.7936103413551883
2.3696699878938348
14.59567375339481
1.381955241193525
90.10887625258844
2566.7026369619953
6.1717138076484535
3.628177116113445
29.72222696826825
0
62.42114333743472
1432.0045921530404
74.33261137596456
877.9668791757573
5645.292401094905
114.7688090940931
1.3862707544493278
448.1399702401994
0
16.361908239314754
0
78.42139901740343
561.6328786697876
7.773317419223376
933.056087103892
0
299.18792839958377
13.09370443026359
16.16198714403223
10.812558297164607
0
74.72849406670974
1913.4543942671976
12348.129983372659
5.826797957005271
8.368063416562094
0
2.111456644304277
350.85088470611737
18.6547930742416
30.134131839244237
12.909402259491126
0
2979.2507049439264
3.665613386352405
0
177.0145490615004
22.928365651392035
0
17406.705536064663
7.046904181154102
0
0
5.717887441271101
24.003896329283283
158.14587377421526
18.888539656071377
1.4250643623098282
667.5786806556583
0
0.9455776693260936
1340.7880816310505
8939.198309397721
12.205532813638774
0
4.777140170859249
0.6554414634438137
402.8359217089491
56.39925583384149
331.64163725591976
0
62.761297805644176
1334.2419794684176
418.62327134433957
0
0
13.331697526111624
224.9506024788693
147.37825765388422
168.56203982420902
2.3596149346389144
0
1533.1863505439085
8368.897558345227
75.97763798190756
0.9641925478880378
97.5018786726708
0
1.510793117037312
0
5.806183609961304
1.3147198944438532
0
12.762346830939979
222.90237170529267
28.507444060328854
0
454.848636021486
0
0
0.547801414223337
0
1289.5661378623051
0
280.7888535574058
0
38.8167356183864
864.7852205123722
103.71401690208755
1.1978924591436757
54.384376532100774
6.414484380909971
1.0782436252799872
0
133.1995149453053
0
0
0.8813380833722276
0
0
0.9135123134296534
0
0
0
0
0
0
4.387155554077458
0
22.641325401935873
0.3000057235453901
50.27569637413094
1.2146626097736593
0
22.034809272768182
140.46790911284052
1.8171524905627239
262.70269027704916
37.5882394245041
0
50.37396696202979
10.010080029445374
0
23.08330630072109
16.639894517276407
0
17.79946732382283
134.54830306556784
8.33754017615321
0
14.299323868908129
1.2410043949220801
0
464.4352328926897
1.7167738570815183
4.64429753588681
102.4101887601967
32.52165367795394
0
0
1.0290306974626766
42.79467612489913
8.345368322148865
11.062812237456878
12.324147289640614
1.3263546382297737
6.2594152300585675
0
63.929220812512284
2.19805084310124
0
0.6565142563460005
10.227697252542075
0
0
0
0
0
32.64604521197202
0
405.4080399064105
0
1.8797785062981958
309.68973488571555
22.25753002468742
15.011520055967711
1.0391687823320486
0
0
0
0
17.610973312572813
1.5608505715094618
1921.9690982054515
28.987345791990215
41.25715780452503
318.7975205488963
37.63420705154901
1761.1066899375628
118.16109021931807
35.7311355662267
60.185619388669096
0.8382432744619847
0
1.4269888004387725
22.15944337937514
209.76001733876356
0
0
0
0.5187571882684651
6.924276680720341
64.12091531245595
25.59893692088309
0
17.81698408230816
5.2372938445739985
12.98008181262313
29.74728685323914
2.0341096087170496
1736.2467302730297
9060.450380970946
7.334287113118165
76.48786885185335
196.06751777006747
95.70027665082422
0
19.86567179826933
0.9557731882974805
0.22466468359900893
0
0
0
69.84728929874728
0
749.696183211353
85.75550699280123
0
95.134328587797
85.73326975158295
0.9240761727364669
42.53521073748581
85.91312190730747
0
1.3277124088298822
0
10.953861747321342
16.413470554964427
0
0
3.367856968642587
1350.9736000467183
78.62500672661223
0
1.416344873854475
1.388085162975711
0
5.089000507593397
0.5213555271419552
0
85.68954662569573
1.3572835315705123
15.93781382196429
6.728380229625377
2.7812863501724188
235.13364906570155
28.736486425395213
615.2065431580745
1.294962503134918
9.710354355415319
221.5934912300009
138.23915494754013
0
7.080074644659476
29.549643127247723
2.630971721085347
61656.250410817964
12.336116370491094
21.213266315598997
6.432759783505904
0
44.04238045433976
0
13.490448730495295
0.5733261952852049
273.9055024950246
3.7617360687073482
1844.5927909963573
0
44.65116255113961
0
1016.6032043292529
1188.7404295830713
10.998826672784254
1.5881657204399957
14.119346770804086
0
4.334583999922585
0
0
35.372683144746844
0
0
5.82469090546417
4.877745432611512
0
363.1123826778201
18.27537995244928
0
2558.422965407707
53.841603142994124
16.500918317570743
42.9569072157335
41.147836609868534
0.5229237270036825
0
38.277845603044355
18.135217509804406
118.7659374170053
9.003612255548823
0
0
0.9439688809438181
705.6571836241197
2.347043776828798
0
0
13.607861947674108
0
1.1704064977076565
3.827716730466569
0
18.766528585119
102.06155358288026
2.1567310333447485
12.920861243875134
0.49373027747763165
20370.82002968685
542.1555811266106
0
0
0
0
22.021604161344886
0
1.0841911703117297
1.4678541518154877
0
0
94.79927072244436
0
38.35957132459373
1.5985268758143851
0
12.485780569851125
0
1.7293953575418821
1.2815011520458304
3010.134458525863
535.1692083360188
0.910179277544815
0
26.71474951410371
0
0
3.1828882291771614
0.8424411920436818
0
29.108010575522517
342.30458626571755
14.746177078854307
0
3.4206796880464436
78.24849399157122
98.92341818200151
0
5.444458219455594
159.09361137017703
17.32797530905381
108.23920175294349
30.177480426095272
578.7832906419824
0.8616175455473128
5.737045198267252
0
931.7611729817853
0
846.6116673064672
0
0
0
10.29920905928764
18.19953253910723
2.529978279225034
0
0
0
6.86914943064667
0
0
46.582035220231624
0
0
3.617458936644357
164.22359471269738
39.17986971954927
0
0
19.724159269671716
27238.066111331707
0
5.981381685820239
56.304963221221115
442.74617478431185
0
0
0
0
0
1211.0334373809364
1.0562869150201044
718.8761193420712
0
0
1.8094781367366697
2.083287476897584
6.277921110911851
0
4313.704076173843
2.811217499164047
12.34831356338955
116.74709295773646
367.4832896361772
35.93523311778913
0
1416.9079744523447
162.5997005494198
0
70.5979305411074
15.558670730704648
0
0
0
0
0
7.683569631683956
0.9975143621293219
0
0
0
0
1.5258300311294204
21.49031094592134
0
0
135.66101699659535
9.293909652926564
0
0
52.90897575484577
2.690980157619106
0
16.920531762786254
24.25693248586727
0
0
14.537042444075707
0
9.638630453039594
0
0
130.41239477190237
0
19.441325954909868
18.676608992853843
20.06832777674538
0
3.360566571966012
0
107.07632190419311
0
2784.8473699668543
3.881802383278374
0
622.328325697686
2.0031608257944007
227.1265354377164
255.64719186386532
0.5557799315911913
0
1.5134964183930117
9.460545938950741
0
0
531.9318889986502
0
0
18.93499115316625
0
3.2614401177972057
18.10797633069086
8.26244809442644
306.89656975142384
1.4079804999182486
2.5596348164758003
0
0.7781514395824426
0.8982946502919524
5.288885678088136
0
4.069810559358083
0
0
8.051130949394224
0
8278.39207681572
1941.7465587659638
362.6873950048408
269.03116499834283
44.76536641383783
0
657.7469971731674
1.9449823577504173
0.8311129850353131
3.7000643355799014
346.18513625268076
3.140686245562712
2566.4865293127427
222.61296570376612
24.43154194620341
0
12.117824660955145
0.4752721619835184
10.911606146684978
0.809672377424975
1.0075923320919788
0
17.63761618782831
518.0006255021133
0
33.70112841213931
3.1127712142880157
0
106.45331408064585
0
0
4750.221337800337
0.7490884151566051
43.063103330113144
49.66778488311279
95.45516169537385
7397.7172266357975
102.32452666013815
13.526545874596833
63.0229141293274
9.66667714879543
16.913871108315536
0
36.86191845339615
1.5266908376177435
360.6443934510027
0.8130372403167619
0
0
0
0
0
79.47105189505154
0
0
140.96039247613226
1.2985353523896999
0
0
121.32971010725403
0
1189.3149864664015
179.57261533329728
2.702463295720407
1089.931556143805
1.1000761702361999
56.792124120447006
969.7867034489014
2.4726395540093193
12.103348593552658
20.950843436058467
0
96.0373834674041
0
26.781806998866593
142.3036226598217
1.6638621079627542
2.8496281668620003
1.8393769435581628
274.1506211998799
4.325242619397027
0
1410.0145299429496
0
1.3757539798067968
0
188.5699051976745
64.34714994099504
0
0
0
1.268061702069708
83.04245969252095
0
106728.07984568922
0
1.967678854021191
1.3518207898640857
0
2070.1288124575076
2.5864716128149565
2.491194048847495
572.2311249015922
0
0
21.88855838754285
0
6.2088907423258615
7.194359646171916
0
0
506.180347499295
4.258573036828402
0
0
11.061990226000146
2.2148558510293923
5.945979984469056
137.11650611529205
18.66936078129789
25.07776130464778
1075.917785449678
0
3.5300537343897513
8.82090106213321
326.13027330516144
38.73274332949131
0.9635491923783445
4.275215418081887
2.8837718395597802
0
2.4003684899999653
1.001448189903163
0
49.73534129258491
1055.192746455613
2.56044272594236
0
1.2625042687285992
566.6615351437998
0.6136563613196608
0
16.003107038052537
0.6882373341608123
16.109896990512016
250.73415777754857
4.114944534294259
0
305.7151359847695
9.837728621308115
39.728299848439725
14.768526144308131
0
65.67952791294117
0
36.8292645228187
96.66782539258404
0
0
0
9525.926783436698
3145.6572928600535
10.463331827135939
4.049101917774823
1530.156623529038
1.2424804103768925
0
2.252875717255833
0
10.985329552433516
4.6821850193727865
200.90572926825558
0.3173901678968827
5.5628577266080015
0
0
6.149929853207712
0
0
3.0263475802701167
37.899288048015826
0
0
354.34957127782417
0
107.81216640158652
1645.8000775826827
4.079414681323973
0
387.8771043142713
1.5989712367071227
101.72111679682553
8.984367946689678
1.207662231838932
6.500561923877989
74.80637751185732
0
0
4141.2291872582955
4.372848456270647
0
5.798732168896004
0
3.859417434139302
0
633.2153446977285
45.66047886905917
0
622.594792215761
2.2107755150378035
398.9470886126307
0
0
0
0
0
0
0
9.838197002203813
1.8294064101619993
41.83824831585734
6269.39331787676
3652.3931730533345
0
21.983427576988966
109.58431027390971
59.0675886572326
22.683393024286627
0
13.081985187673654
11.599956381462707
45.06904973375253
3.1867579292186363
0.9606144025616908
0
3.735876662290351
3.588088056839404
1.6490629182106056
0
11.042991151555091
0.49554808307568643
0
0
0
10.08170656201456
85.27565738813482
0
137.6080051359952
1.2349662060523612
0.5149443200176012
3.5600633161750137
99.86252909129072
3.9064523858726155
0
3.905517095300678
0
8.276769654592838
0
0
42.94171371353786
-0.061379726746428886
4.504020417975763
8.210801699398148
3.739098898686349
1.5515436028210594
37.15824499539743
11.42978035787723
1952.9219722716653
0
0
0
0
168.1441792276244
97.92742401687232
924.1641170139384
7.721590529599816
395.0795310655762
0
941.7740622520745
0.5935989546148712
0
67.17218845903272
0
0
70.69699387553776
0
9.373601579430469
0
8.834728637035965
14.318532061433338
12.889516683204768
0
0
456.1749454450863
866.3555873995323
0
0
4.39643891286792
21584.50944980297
921.4579625870622
0.9363683883465358
1.5478380963665543
62.85818350377775
0
0.8214397908936499
3.0274137262107876
0
0.9906615645765915
0
0
34.965421186370435
3.3381763883355853
0
2.8448800132533227
0
1.7289636139048554
1032.9749016466546
88.4054492029623
69.46833835377868
356.66910622229335
3.5908865423159617
118219.04524211351
0
59.14373272486902
0
0
12.107939710714907
0
1656.3515922927481
0
0
0
2581.372480152613
0
0
3151.0982793609132
662.6323248876644
36.583320670213
0
6.746590060643709
0
0.6413949620022374
0
1.7168284235398215
47.797473453278634
0
163.19650525296768
368.26273770307574
0.6681789004792716
260.09354002973214
1.883590806870795
0
127.5555381932355
0
0
0
157.7396709635574
136.594327560104
916.9332365855349
4.319308514427465
52.98047157442198
0
1.0092541544018419
1.8714203352473195
0
5.914083436306039
0
26.244762063575806
26.48675229271284
0
0
0
0
30.396520240468586
9.93034497337485
17.811296178273363
2.506751869146243
1.684654563207196
243.5476749536863
5339.132264667549
0
0
0
0
10.144226906505939
1.137873179201641
45.74700037292735
1.473371794783827
0
19.11625238233427
1.7508523020005353
57.337457434929355
7.9210083720104265
107.9713209613043
0
0
0
184.8935300907694
81.06344576190716
11903.593518759935
19.84439808541918
0
0
3.5522720329610302
278.3721507380567
160.62624733552053
31.303952204886908
1799.096893121186
0
0
0
0
1.562025592909686
4.1987328961128485
211.27004343119853
15.499408127757057
0
53.53136378729241
6484.428562068413
862.4048735991497
22.68063886768702
428.1817175181499
0
91.91976912692964
14.279071173967367
1.4250870388275274
0
1.1313499596799215
1.0999026461438004
3.0411270722330417
0
0
324.81038259498894
2385.985581573902
5.346944339509006
62.67866433045482
2.1362337635600683
0
0
4.663614485437236
0
406.25670803477146
2.9129663461994917
8.34572020981592
32.85336191506137
0
6.773323668244489
14.067828228848963
0
0
118.24151941257726
0
0
0
9.452976470718028
13.560439601061303
0
