0
0.49930370712631866
0
26.652371669196757
1867.737341104913
5947.97166723153
99.75302491375902
527.0929795605214
0
653.3329508264958
1.8010956079286062
15.327412725020944
1.214888327600098
304.6333519660702
285.8668119416094
83090.37731737121
2.4425227495332757
11.199480685161443
437.1699817972218
6.377660870882984
0.9247313612885243
1.130962462798578
26.715113274956707
3.6216463559030423
4.635859180939497
821.4007690656231
0
0
4.000912396109205
1394.1334231422381
29.426064801137787
0
26.245017883506872
216.17874595825663
80.05221397910287
13.49006360602188
0
0.937133691275291
1.340644863996939
0
3.9814523483264033
1260.9559605755303
155.486026941323
823.3907047909311
21.46402830906769
351.23232917980243
2.2349855117612405
137.31482582665097
25.71486688395912
1.97969594583083
3725.966246114229
35.38225973066959
250.13908452919523
0
2.6087881376451874
0.9762915881504972
10.692725395096211
284.0861174733975
0.3104695186799209
0
0.5402436512423643
42.38456795721486
1.9548778515440828
8564.98245059445
122.95727301367987
0
0
0
18.823538003332562
402.7168112426203
5386.705009435743
0
0
48939.162666589575
1.1177413931735343
1.2811423554774952
33.94747441896687
0
0
0
748.0250937213542
224.41462188160423
2735.883077315661
111.56146095711689
21.66678387943265
247.82582105315913
1911.777263038341
0
173.14781218122306
0
4.0188544476685095
56920.375085647494
4.785644170261644
0
1103.5720108352532
700.5691788835853
0
10.512107338401742
248.36265836896325
509.7849084973416
16375.381695110656
0
3.9014190944800013
0.7569345553838805
1633.2535785742316
21.101155663671424
59.26420133282424
13.9153126094346
0.9806937514074245
1.7570290802646795
13.35005664982653
0
26.857672989790895
0
0
7.313065124069845
163.49518704059068
10.66446071320297
49.3243152701886
4.948736189978019
2.0516418189158268
0
0
2837.055032520473
18.992786946754443
594.8282232686028
7.229185650546558
43.15986522522141
5.371198860090313
2661.6206393490043
0
0
5.343603862410614
0.6760951916979145
11.092129015409034
30.43078325959974
20.86838815696107
0
514.4933343807492
152.44369638687945
130.6592242665059
202.00647583214635
46247.35169932159
18.223404409647475
0
0
76.88229984445387
13278.802277901623
0
34.582387863825126
32.504556595393275
0
0
0
120.33746127517779
221.40334832467565
27861.01487231132
23.501459966534036
1.3610039196574524
72.01799532929675
4127.523154847475
54014.5611891817
9191.084930199804
0.3352883042663286
2837.61602204114
265.6680718094287
117.4607215634104
0
196.36798277293832
54.85615497557766
0
0
227.9433501360931
222.84898447108375
6452.439005155037
0
17.936938929792927
4.643210587598524
14.274044056237576
0
34.64552482525096
733.0643956534038
0
35.790614053438574
774.0411825622165
489.6115462623012
12.446555119741483
0.7420233448646005
0
0.9889190416022303
505.4655041647713
125.50174401943283
0.23812391242836117
0
3897.538596790719
300.45290273059584
0
13.251064733577543
386.0913245877339
37.504707937349465
5571.356131605893
0.7481117006423796
0
1671.2791371572441
0.8028714894030862
286.7299973722712
49.80044915236025
187.29731141328088
1.8568767802681805
0.2557672746771188
985.0039506631338
145.52521614892396
0
1.8349003391783638
0
1.9221120275438208
249.25299211759432
0
0
0
21.75927131902246
0.9096777978530468
0
0
144.82080286817524
10856.521226851612
118.88895187150484
-0.6825774093101391
1.159070602564129
20944.218605190206
94.14076405701758
0.8589367857473585
14689.461956955818
8.027287348030562
0
0.9527772066472748
8296.795558841592
6.291574542569217
2.945976571412683
336.15150508378576
2.5046173211601004
29.15752690099267
18253.584370024604
0
4.5284471450337
6.03487081816569
2.5578235577196997
6.274913726085485
41.66746315632954
0
11.462082214279055
1848.3003091942355
11.890376680464437
18.328412102924972
1.8547190735854628
11.903833622137661
0
14.278528898546794
0
100.99760382850131
0
3.44275252126817
0.8015128322933941
68.04265077424715
0
0
216.0669762130064
43.031915383046695
567.0502294719979
2.655683703197988
2.4419834966252756
125.63449112431437
12.745508589126906
2132.4093279254407
0.28199300251679804
0.9538654730866878
0
2384.9243904214213
0
3.156045382103292
1352.4722871181243
29.928571946814824
0.8084369544136467
0
0
0
68.12319737802802
40.031949237893016
0
149.6210534900479
0
166.41727151858208
247.01951970896368
0
0
1.9509866318119027
3.8913052108053856
28.848718997852927
1.1999270458257485
121.77145163331839
0
4.439090671806568
0
31.429555321164987
0.43160111772959353
25.849569352281684
9566.328141737251
317.72395228854003
0.9119408381832929
58.778300232689354
0
631.0630651097456
0
0
0
6.5064579776906735
0
534.7164097627935
0
104.7659447576241
51.67362502985749
82.88423068900353
114.11544266466953
0
207.2319248013154
126.98531033324589
568.8613140673102
3260.780539089474
8536.632733271572
0
9174.451599692273
157.34178005889208
160.06386537213638
0
3.7646905616237896
49.771956211534835
11.748938733211084
0.47606193155918364
1452.684986255094
10.57439024903849
17220.63492829327
12.456569348962347
0
0
576.9501866073766
6733.72395265922
0
7.827782348218392
0
2.7558207158921117
0
14.61280371384249
0
44218.4485086906
2087.731840571899
0
0
0.8529332800615603
980.8744358974925
4.678612058060295
27.40348273055302
102.15329170895541
73.28176955584865
0.47491090140072334
31424.541238558602
4307.8679894240695
23.953716760994762
15326.840461533215
513.1293890886998
10687.204646047714
2.5622012982131537
119.40769087959357
331.02560247752916
129027.11082072176
0
48.274776633500935
129.33892889979643
554.1855292973653
7.563798262576037
0
121.6074901775915
11.973040839038068
0
14.726764681755688
797.3459673614141
0
365.8865436514419
0.8225380159902106
0
0
0
78.01159589438201
775.861498773022
0
646052.8087578311
80.40884360335811
0
23425.119090178516
2578.4974887695294
0
0
0
0.9257055913376163
0
41.16265998026833
498.0127158469371
2734.24486819969
889.6743730506314
16.058282593328787
0
4371.425585280283
0
0
2.0159783189708937
6.315430339526061
0
14.498558258559832
7461.426850488551
0
1.0750340514740284
0
0
0
31.872288520401252
396.7526855330844
17.45515610244064
88.94611282441554
99.2224604425426
2.2123864102202044
0
0
233.3603824622903
10057.24101580243
680.9457381268409
0
0.250098077844883
0
62.38407350825564
0
9157.228504462497
355.25547885611945
2.5834443359553436
76.86063076375588
2.750038459455633
0
30.954678165477308
23.855303285094994
5840.890264392964
2.1720537751396423
472.23108071067236
0.6720095074887036
0.8235248445963923
0
194.0856691250341
13.638838811397406
990.5546335758893
5.293342234759476
93.69966120816001
0
22289.70096615449
3.266034053656546
217548.93940567327
0
12.965419493621152
0
0
0
599.2683469558954
3.4906100289393924
529.0251828832913
0.4804797303088395
5.755678244021787
0
62.878300001481975
0
908.0434226094039
0
0.47066445119448075
0
0
0
75.7579649232217
158.80053908610927
0
0.41074066170059553
101.26139331291859
0
1.6933665521433734
8.782325846524323
3310.960288848053
24478.368799896612
0
29.44509586868847
0
23.888889402430507
25.43788374155186
12.561661488174728
0
0
1.9255718863546938
0
24.79864356942644
2.3274900467897686
8693.634633268393
0
19645.390531386744
0
0
2003.4839467766446
6.575148720298241
25.833743463021925
33.08203390206952
187.28448332241754
17.96033011048974
0
2473.4509235520363
56.41513131477933
0.05573310770642459
0
420.07162194458317
201.1985035755238
0
0
2.001746849761326
2.7852583181844808
5.287431448171606
0
319.49848410617955
0
50.40779977088236
0
0
128.2085209541526
985.1472989715776
189.59266330156672
3.8013090580069147
4.4056977336730645
34.97045161343725
0
1.8745402885921072
0
24.684255480133
391.99552214774656
5.499794366088332
29.152003253933334
12.845257035458443
0
73.81006564921452
12.150463934506732
100.83127984993784
2.447056625589367
731.8126046655268
0
0
0
0.8718823387236573
201.58847216492856
24.85304473832029
0
7.0175850554507395
0
175.0404603465801
0
0
72.21926463071108
0
0
170.5055192006279
719.3713660286895
161.16952111842278
17.69012256463793
52.837799844761
0
0
0.49013236331167964
29.57737164326119
0
186.1352386242247
0
2516.023557657789
1962.3807792420487
3.9359062067272275
88335.77623521473
392.00030119649097
0
2808.3409375216547
4.274596755686313
1.0894736383779542
10.468133623752998
7.666837813939994
19.824841072974866
8496.777055929975
12.197929505190896
3000.2163233354827
4.611011102927357
74.32124195620888
10.753142276390335
102.09588064864593
261.75311320554977
0
0
16.99569714791774
252.80033514337313
103.29074274242026
949.3164328214084
0
82.71372300798632
0
11.66181791115593
0
0
675.6300214557908
202.54246693137864
4264.1756883122325
2.2703015484821067
456.42927962194403
612.0337352176392
523.9999152675487
0
0
130.65739982480264
2.9829518773816237
0
0
115.69206505422636
1309.706318307957
0
3.8925298219838673
672.6307454532404
1.9769210653027953
10764.283979741784
13564.004213958095
38584.325801643856
1.5165428803212881
211.5290126438454
1.4326807639623005
438.46442314824645
0
3702.619973998821
0
40.38745701517804
43.7261529488688
0
25.63527356511636
900.9592991971757
2.2356309951675275
2.9288530738806693
0
0
0
0
19.91858450154415
0
438.1794618002968
0
41.84021736974712
0
0.866369481040759
55814.135876142645
12.671381680090452
18.32025958023599
1096.5138287213804
0
0
11985.491143472502
7.644288985814523
0
4.704847075538755
456.22963316567717
0
792.3475882414912
1317.0173035143944
0
238.2137722503668
11.02051737048558
6.826606919968017
2.8494128307664566
306.1259046003479
0
11.617745966983492
50.93329786815464
10.625155622108963
0
0
-0.12228755203417441
10.782070642653322
289.23403613317964
1.5341237686151157
84.83713732272494
17.82027183689366
4.072283272257579
2.3457178567101105
0.9806088816772098
0
4.674462484349304
4.548211202242777
0
60736.648694104224
579.1456271852534
115.52645429009043
23.044647966061447
74.63036006358149
0
0.7093668845971062
266.8223699862661
1.1192858701356356
1.017296713952079
0
2.382408610032301
6.627805992434868
0
51.538784241597924
96.1537854319423
0
140752.98979213036
1164.2510675826848
1379.8466450842782
0
0
0
0
185.96922100213013
1595.8645988060828
4.034345521948997
483.340301174507
68.55549527289328
0
15.415114437503902
272.116702027439
0
2644.9581543490563
64.32609404572403
3943.7680468084277
0
0
0
0
1377.4474232292407
72.65922643101624
82.59831417590117
6.76358836226711
38.84510172844129
354.2638852352263
0
0
38.87507931881462
0
0
4989.852068593737
3.632696576701994
5.288721309597665
28.985008264386146
0
2872.5370981712454
0
39.21174667413024
0
0
0
3.3194141167064757
82.54678562160534
0
0
3.314742170101713
1.6529300159515317
0
26.587077483304352
3.016343596171201
0
0
1.784141190714224
0
6060.048393189707
1038.9136625679816
116.72099523637067
12.295216916584991
0
209.39695213901302
0.8658677006915427
0
7.61759060062908
0
0
29.328505104199756
7995.793876603037
2650.2347480676863
129.77254798017995
16.87069574833172
323.57695322334985
0
0
1.5360006913752358
196.6596467314404
0
10.905703993492942
153347.8490271686
163.44512802340358
146.3268655733425
16.90907157115804
550.0482092044293
2.2298599453504817
0
11.919777757827118
721.1354747570251
47155.577149673445
28.811852089289484
1238.0346827380324
25168.479240570425
8064.197599505568
7242.68195416223
1500.7360550709486
163.42863424401938
1.6117847270734076
0
84.73260035546838
0
0
1.1282581568765475
0
417.21884519350215
0
0
0.2798126022277746
2.4059377484912043
42.84203873071569
6.258320844016644
5432.1402856081095
73.29999942531724
1.2157450822332254
77.53502359856745
204.61829411102602
9.007583167840608
34.79804629051294
0
538.9854503623526
2.5934136709217137
0
153.6477347826923
1030.692123006364
0
1.937645466168453
0
0
136.09042071847432
0.8106431811642562
49.40097030031423
0
0
44207.934209270126
0
0.24315450552301876
0.7088971267461257
264.83706647110466
0
1.649947088811734
34.23493291573444
0
801.0468337192139
0
38.186419504364885
13.172448304077493
0
21.198159123700044
10.3324391609758
105.48178338355616
2.052596909123384
2.590513156298819
0.8233677701660058
0
0
0
897.8361937375624
1.2522367470651896
8.401669768835909
17512.438351516135
1.1799507270845127
3535.866466854097
4705.79159830127
45.254867461449386
4.790143051899226
0
4.73665241468832
4.714132337251972
2857.450379603456
7.0103849635615045
0.8027621211178149
0
0.5917588205468285
5.573905025327575
6.532978003982572
14.226621332534368
16021.932768907523
6.764425612440477
29365.058964586617
0
0
0
160.52251513581103
4.895792890901909
0
13.412973313837137
5.080350245679548
1.2160197126353212
0
1.1533141455801497
2.8012320074141606
0
0
3.405506137760897
0
18.756114074185316
152.899569141616
0
3.102115818691807
2.9048204983927093
69.61844304992833
0
3.023333999473285
605.775135879669
3756.067008505165
7.1044397744511825
897.2034815254741
0
55.29414847568113
0.8222404568792967
5499.425055237735
22.88156286872625
2.426029218993734
42490.014237968084
81.86256073341481
0
8060.7869705686135
0
0
0
1.6261576570483263
0
2250.802359587383
0
7.618194743444644
28.276312181779574
0
162.8876674839086
47.734871582577426
13.344416228894548
1.7628250566181634
1.739862599686926
20.436415099859964
0
24.57418134097478
1458.274877306579
382.1354305339844
99.44292554695974
0
1.2918503348964006
0.6261759726171703
1823.3845575197665
2.411842685986639
314981.52276265837
71.13662402187336
37.936764963786615
0
0
78.66944346264725
0
12.60012301549342
0
18.570549385387743
1.5311167020034604
0
0
3.2799829570010743
123.44232058288509
0
0
2.2866954049635004
1747.3366748440476
1.2933565796597506
363.93461211528546
32.54698033411717
0
0
0
5.798467611418995
75.98524442638147
0
333.9023817601035
0
2.2145196259611604
259.5381182261422
0
7.138147451790491
1454.133464153635
187.7060117577803
362.27292072237077
1.099851806060981
0
0.7171472402745677
163.5578647758617
107.1252155699863
