0
1353.3475222280586
4.448817645844189
8423.045005296704
6943.971182938333
6.939026341191302
0
0
0
25.10293002408872
1311.1911723021014
615.9606518343551
0
452.78870343995743
4.054770769077359
1879.5593767518615
2.7203773331787633
107.09214196754701
5.417078597652642
0
0
11.817620207640958
31.388481285147744
227.48893761263696
3.1138309735159773
1321.4256149101425
0
3.4263141121073977
2373.4390834478227
41.04579132827488
7.328801117198067
0
0
0
0
15634.828112911895
7875.410782054582
0
2284.0148703395876
9.316686940989891
0
15.255127875176235
10671.101212181225
11.69818966821633
0.43996363883905154
0.3983259437517639
138.9267132935158
10.639498933950614
0
6.346756696245944
20.070233950627188
1950.6342350024097
0
1.9580443628889452
14.190634551747918
268.81302070039203
1635.1105146974871
76.91581980811141
0
2.055499391552641
85.92107575540507
356.61829190151235
13950.376561290162
2972.708264809695
1.3764407384019741
1308.1385208951126
17025.573903797092
10.414244386686647
0
871.2658650157707
0
0
90.92801080094972
44.92959123135731
0
0
0
0
4946.753946158222
1.2644884628456494
2.639341362320091
0
4.727858670339883
88.09838265872501
13.375823622473224
3280.5405845488517
1.3856171532641999
10503.942243624946
1.672284490423925
0
10.664884382502377
7.148940982580434
17.284514063250477
45.17438797093427
98.5260573632507
0
0.5082450703006068
0
0
154.13394792310842
56.23693236892417
0
0
0
14.97288254477615
1040917.426658036
1.2311711037854245
71.68372864314601
0
0
5.369901873400727
0
14.518384600638123
0
9306.614453838118
283.1838466816756
49714.806147744435
746.1623527102862
17.408960172220134
5.528837721880013
619729.7623096791
0
0
104.77627437572478
942.9369277055267
25.53921339619186
0.7242591692540714
153.91634181634333
406.4415217522701
9.257909649200087
18.72760400548492
0
0
0
0
725.3312896229897
1790.9427049783449
1100.8245667167137
0
34.60945525137224
63.7958217504976
14.09423022991595
39.666065859543735
81.7129489316952
0
26.210349048033052
0
25.8799225765253
853.167384684401
44.19882718280691
0
512.1782285422619
2.0542117019950865
0
19238.50554194106
830.0600086110586
0
130983.84467695402
1.9367499175255887
0
7462.91512028884
0
0
0
2.787360323754024
19.367789644429685
5.666679673307976
16182.41014235814
591.5938870624561
30303.315958149826
0
20.02956796095334
522.4807848675113
0
0
0
1.0942561295870639
0
53.784600633081794
61.61454580335746
0
0
0
5.274421580029804
0
0
2195.915308372971
0
0
2.9825429510118915
5648.715282505312
0
5.00772797593169
70.87013617336014
4.072811147376418
436.76607685828606
3.5906587509066528
0
2.241474296609449
2.665339354174057
5.15443703991728
121.95810806729199
611.2016473668058
26.88316953024699
83.67094516645365
0
0
0
4.7563300663991175
0.4587324354712785
236.22073055243038
100.56043441096028
134.34804186548686
0
54.19459765509331
0
0.9605249030303419
0
0
112.7052396646942
0
0
0
0
80.2928685903853
0
3508.3118485880927
2.124405194548048
0
14.188545142708508
7.351110939907651
0.3701263449295422
363.19408511782376
2.412721415344101
0
1.3252427628017025
0
24978.399753044054
373.77880169241274
108.2141372597152
20.3323485565333
0.746262133149437
4.532252908993829
707.8759342891701
198.29960934570155
2.9319527075111025
1047.3776528287137
0.5382829759689172
1.187336333601349
0
0
40443.158726387555
256.44304496510193
0.8219289247503213
0
3058.2212520080825
0
14.909125845999636
2944.8537335750157
99.93699370205182
89.60417798218505
3954.0174122992385
0
1133.3096872081348
0.5095511669739969
8.47613320189934
5064.1201073826105
181.43218408984242
689.0255679528282
0
17.43430209519307
0
0
22159.572113024413
0
30.532862904879103
12.050118654674035
0
36470.69306809911
41.09049118179601
9.102356366625024
2794.419332363614
0.36405936082846113
0
71.93115236771621
6577.336351332018
36.33935552770059
263.0074459029744
2.843842176135752
0
19332.904016013756
633.688498950863
2.334450999050498
0
3290.324740113306
33.006736971147355
0.6991159540244982
0
0
84.30580133372031
63.19511064605371
193.4292312483437
0
305.68292236827153
29.397647714076093
1.2182259071539
24.74204573935465
1069.198892641914
0
96.911844824031
6018.175959339744
0
5093.296499126657
92.698358084647
85.79929761655416
16.44674429282439
0
1.8941467811079016
0
0
208.57495016583988
60.26999261877811
1.7373351667459431
1003.4341559339164
0
8.294920721664313
0
5.941646825465542
1.1394722446127545
6.651542267420494
11.929808854248318
0
0
0
0
48.33139264028204
4203.4810467696625
1716.3102174002431
1176.4482849421765
0
4.074765949315721
2.2198679402062704
3.2598445041440325
2137.4253733466853
0.4081202232156571
68.24697790689653
27.43624115531873
0
1.0662068125983375
0.9440293530094195
91.41392956740638
9.434571135180047
6413.532333295363
3494.7718933334463
1.529350891443963
0
189.6903066361075
0
1.1886016089078641
22.708154017073667
7741.241846851162
11680.616031615817
4978.655099579954
26.752870046094912
77.56103951605465
32949.14569757392
0.9446722808228368
62.0139168079432
376.3732786765632
2893.2265160388656
106.37111640152504
0
102.81773604635865
0
0
587.2240615601505
126.23094624734756
427.00374385282316
44.92502152565906
64.31548680870233
0
0
0
51.863224763761316
5141.980264013793
905.9126805367976
34.565582513045214
65.32816077431849
10.200772669012501
0
273.97055718545886
0.692453032639807
4.736991963209419
30.917366262841448
0
14.900888910682111
10.67261076493861
1.3393057586722257
25545.91126911676
0
1.4257552175349333
0
9.829104768797855
1.1807021258315356
16.608851865445
0
15.538049355737503
9.084110711588075
2.081357778655564
6122.241818165959
42.96007926121909
3.11090576414491
468610.8337893497
0
8.075648134231018
1.5947513398941364
8.349047242453162
3578.085105890258
0.744036623360447
0
0.4553095676527378
9537.291894760443
946.7403438388378
0
0
0
20695.686803873148
22.11219873397848
573.0639984454181
378.33208158875647
6562.638787863203
271.1543710772998
40.32806279462584
4.243282914550219
123389.51685991371
30.459460441273905
56.88616202900596
1.5923682110412394
524.3174951417087
317.4680612920875
2.36360829822544
788306.6123730968
0
1.5447727746508217
94.32846453632379
0
103.93972583861395
318.35798033820765
0
202.04685435995873
1.0124779031662683
2.5773528715159086
0
5417.423881984976
29.155755662454553
41678.56284689472
0
0
0.6236473311358024
0
3075.241614426654
0
46398.002383488754
3238.397434795377
7.5219021305702825
1987.8640815629421
0
0
146.93798374781662
17.472131363731496
47142.72510525726
27.62163938557076
2.3110972021109344
325.61098231356084
239.21067175598307
27.73706118112896
0
76.17532508248563
13307.281554301875
7.906020115651855
0
2.7148235151457167
0
208.28147938052805
3.170819986319372
3084.499220103196
31.68062787750171
1131.0695753903972
0
562.1154525123708
47.041055092715844
2.4878177591895843
17.49256341973641
9.43952539232779
0
13.234679615699717
2.9338313176019377
0
13667.016498981775
3187.049829807144
3.3620188911842366
10.428969083331936
0
123.25220033533778
234.65745762074877
830.926934134523
47706.66324030259
0
93.10753308680543
0
45.52910969527351
0
4.597281001404001
0.4395604540505573
1747.4829881847118
0
1.5481426825021054
164.42292156501992
16.417238125773046
0
1.9158173272725567
4.5654539406259484
0
19.315285051787228
86.7872626784585
0
1513.6951933880812
232.50921206158327
2450.1503512068202
0
0
77.60140967244708
255.63357240932424
35.17122487437169
0
0
0
0
0
610.6801259105289
17444.62608167836
1987.5305470395488
4094.4543564921933
1160.0823510091996
0
159.87172559341468
2.6376620683047527
0
0
1.1092658148842045
500.5476199774429
196.39614942386575
7.699043698627389
0
2240.151046160052
37.90435562955623
27.063113790256317
43.21281005706553
0
205.8729370868118
5.802053378138824
8.277109165416414
4.813115285238249
776.4724578636282
0
904.3520577939056
1000.8749060142587
1.9255790372054147
35.41907488393436
312.9427773599903
76.45740176329193
7.072188049080577
1.0758281901342381
0
17181.18263441882
2.9467532756488435
4.96836879498279
232.57750310318102
465.09925572007177
84.9671719756947
5.794856396400233
0
38.41594369262715
375.2754925714358
10077.260966791735
0
0
31050.648473866073
24.075990870438147
77.08941549828354
443.2367146993361
288.00652284289606
175.89241407506765
169997.54369370214
0
0
1.0287076042105654
1.2210387603071493
319.78389249129276
1023.5918871389783
0
4.491691128086245
2.1002131956328207
132.847728998523
34461.01402165043
180.18533379947843
0.8987520956420092
1.5217353289537736
8.690240299313576
23.62065381394944
577.1595610562284
2866.544310125778
0
55175.102682017045
1.8849749326224752
1.2612896767789208
488.3620393060365
11928.106481257211
141.06232199985914
0
298.828050314128
2773.4479766777217
28682.526298647994
2936.706899586752
45.6401520120874
0
0
21.147522949760322
15.272082471846296
833.2961268445049
7.334020874346011
3092.6110947469647
67.04934040264774
73872.09983529267
743.5809276230924
0
10.848563258942395
11363.159127535406
3.8462731025287247
0
0
413.98638877909696
994.8815864374657
0
8.411383162787905
137.90442035131417
0.9523223517221656
0
124.90969579350474
97.59515879231364
76.70578104822627
16012.210518882252
0
1.1382826203648888
15.3908596764115
2.9639547212745243
2.4148016209736927
0
1920.7495847267658
0
30.053321509337557
332.45372818195494
859.2363279938979
581.2221456045795
0
0
43.66980338773163
40.17528922726804
311.6679199116792
80.94336710727369
5283.615847774187
208.81067800697355
2.6216312799749564
1312.1935633111846
0
877.0899263576194
5.3081743391527745
4164.759855638135
149.18409729923152
0.527989011735212
0.8982628110945606
0
29.60750761591145
67.17739247505402
0
14.716241707598694
313.55297069186537
4.3941060029373915
-0.22002390641201441
0
4.021661422772874
83.2864193917253
411.33828997635385
0
316.5313832971125
1.2161117246646311
0
0
1991.2017282753736
0
0
18.67158334914694
898.0923762339244
156.2741083763235
0
0
5484.196646517159
0
5078.435611539634
0
0
16.87822057886871
0
170657.86903375664
0
108.3964645491989
0
1.7779448802092808
6269.644052042299
3703.0824593781576
1.4424500708438575
2.679288922327302
162.18625567931906
36.53882289257748
30.660719296144045
59.578684776665014
405.2185855092005
0
0
26.672142997522823
195.7446647681739
17.49036048812377
16.653457707101712
10158.987565117668
0
95.9410206401052
14.16008751377368
18121.19200162138
74.31767448572941
0
5.672790662759801
0
39.637468335047686
0
3.9155345285248675
0
2630.4394934506063
0
168.46322433818796
42.53608182853618
3173.234756011568
6.039951244604227
3636.9192189264595
0
475.3781602423586
3414.270820762773
61.852208127868614
0.15419344775401855
0
109.35057566691185
2.3175367382239904
6.925748134371656
2842.076369898446
2.110228398796078
0
1.0298942747474487
1690.0668165052618
4.471646018704751
4874.272358292174
14.88844547680114
51.81933476858918
0
0
0
88.3808523405455
2572.365797767839
7.313078429485547
1244.4454386290913
119.16596486412784
546.4955992948425
24.678449455908165
231.90740244426692
22.725605630385736
0
107.57537939942114
2352.126517966129
18.16286025348824
16.33356392502168
340.7110881913858
8.14719048792589
0
0
1138.8854300175008
0
4.652206321399736
764.8700407652632
291.0917368261943
101.58210297106898
6.743638038867365
83.88333685567348
0
2.894996601903251
287.7699391211329
14.284093797536242
6.735778282842289
0
1238.4413267083685
14.722606390260893
376.0936016835055
0
797.0429362563551
98.70275158751787
1.7918775620049923
7.370995502074715
1.3632387922112053
0
0
20.974289139371695
26.75562842692605
32.03502776844392
0
167134.7579344482
22606.94650442243
11.999298451780739
9.721267367798163
0
11.96381701526604
24.622564507881208
47769.57542492915
0
1490.0826104321802
8.29308724278961
4.98340584785216
9.959256015933795
9760.957481381001
0
304.2481091954422
0
1.62796114421967
0
17832.193281772416
292.0893016092193
0.7731164013099862
459407.2444573904
303.71291376452655
393.53169517971
324.5234789993239
0
4891.061901210418
1.1697628860917726
0
42.423457515867426
62.88664018325352
0
1.7710247126389675
0.6674407140582093
15780.508191597695
36.00964455340468
9633.771024379372
0
223.94666550618317
32.0734019630614
1.3086448591620778
0
3705.4653094324212
11.01229091581357
0
0
104.10533620832949
160241.37551263013
50.693029032705745
3.0604535708560308
1.233284710360016
7046.6986123649785
0
0
0
33221.3832740029
0.9380937016633646
0
5.139710507182142
0
11927.433061757714
0
0
0
1.2031123205072687
0
1170.631557543791
0
0
0
1.1718318882188261
0
0
33.30345098196113
8545.149797857013
458.2305968267908
0
16292.174384587113
5.007005352279411
618.9197234539132
44969.762692317956
0
0
4797.243449984035
70.71747745723586
415.21575379449916
6175.046987641784
1.2728458697041007
0
78.14583776952874
68.8573129140881
1.3878412254287027
12.945582797360913
0
5.393824720537176
417.30316399725154
41.540870378582326
18115.02946416025
187631.8638775974
2170.2165870315457
1234.0059749145316
139.39129046230443
219.9458866667482
0.9719643529939621
0
0
11.290023478201768
3053.264179629315
0
0
28101.358753238965
0
27.48826668317344
573.2107115040227
771.6568401825159
7.720727568530037
639.644012890375
79397.52768374069
0
176.68413698004343
117.67429127040336
1.4158365635787453
4239.8088972848645
0
7.6172562963769845
23.177064881609695
1.4527354277944409
55.22474966560527
0
0
1.9765605591224331
4172.417986493859
13144.722974589336
21.470120517985325
0
0
10.684100902117187
1.1818605553108654
0
34.27181353274413
11.251183687262232
39.30458225046718
1225.3093145540263
121.68780677547382
2704.2475936130254
379.01666535006507
322.83253494595016
14.186832586620527
893.5306165734047
0.092356455987607
4.80961215485078
337036.8495192027
0
121.03771613238743
239601.31642775604
6.854661238526405
0
270.71851374550226
4.578863081343629
0
7372.872925712894
45.48099569275644
17.66696842636183
440.6981917086026
628.1804903322745
15.56310499373122
0
2.2124854437970085
0
0.8115392727471554
0
2.5181628957809172
4072.326716273182
0.038353690685608344
0
5.836376673677333
8.986918046402561
0
