0
2.1100019808475032
0
1.0772778216617112
0
0
0
0
0.5417523237088704
8.114147338283853
1.3534000512079425
26615.86673148896
752.7278131232558
2.8459877781647274
0
4.342781151297853
0
308.2432634118413
0
2.2755522105281796
1092511.3631352724
32.45686960609714
81.63056695191757
0
0
2597.77881194153
20.8383033498548
0
153.4498256450395
0
88.74031359928584
16.881080367189227
3.7474485216903703
0
2248.610802103378
64.84370384395912
0
0
0
0
16.20512049442393
0
12.264703387867192
0
79463.76207620559
156.3827677491937
28.65757086770097
316243.7158128279
142.0899600882315
53.468501931345436
235.72335201477028
4.176320354410965
0
1.3663164355411905
696.3527593532917
0
7184.81317012162
0
2.1742685288946673
15.426628050656673
0
6.592075929697446
16.461043070310986
3.9035809300173705
4.563667684055146
83.41362816569779
1.6470704896525605
0
0
0
65.14551901443961
0
0
2.1681775445323854
3.0754837682973433
55.382960993114864
1.4027390222468874
14.4137653450548
0
0
0
6.947649359483901
23.887230032798406
491.0475822544295
63.0115604371954
48.81665187546011
0
0
168.34731505598583
3638.2405196277186
0
0
154.6094950024692
0
17.05814736004187
-0.27431144251852024
4.188483895044331
0
0
74.07295829101125
77.26098382799086
106.64569973713832
0
0
0
0
0
0
0
0
205.6272210597784
12.007063294166372
2414.1623167108332
0
3.761400124887374
0
0
13.254204294816192
15.263762058857568
0
3.699802282456502
95.1566729216619
84.43143941242074
1463.1891532124066
0
8.885433235877969
2.538878225889368
10280.865881685273
145.74790380065636
354.139104150902
9.62768258940332
0
27.126505938603703
18.84016627603785
0
7420.172578600726
221.48035406231517
0
31.45091785292424
20.407230781082404
0
31.347189596473417
31.041303832425086
2921.710262274646
0
0
0
210.41539678285912
0
0
1496.3868519272291
10.06062646704701
6.063785869626012
0
1.9356094265336907
2.4289482125891553
663.5577320553119
3660.5356064202924
0.9382110865106186
1.1587171787022827
83.91389076359302
2.306063910942576
0
7.592759849466263
21.932979590618636
1041.3393021059403
15.2991945139961
0
135.27697339601653
1.3757713238703304
609.2184331009161
0
32.84590779916693
0
0
5.460708629112613
2.6138525112816877
5211.211467937664
0
929.2808556399197
0.28257040278375867
0
10.236657576004049
0
0
0
0
822.4951379424064
7.930883191975646
134.20575961011775
86.49028001058389
4.191529341729687
0
0
7849.917997918887
68.07406044717752
0
369.1990803666328
15.905442807655163
94.01883180826131
1442.6835277152056
7.132698660189121
614.4078565475172
0
20.86357427909786
15193.264232261783
48956.402720785685
64.02546494097784
257.99955271230533
5.020586932008381
412.9125545249248
2.3583523677082328
0
0
29.171230488162
83.54294029202677
0.6954742353725917
0
48516.53279186605
9611.310728588622
12835.332503923886
971.3918769106576
0
4.271373904776641
63.590681846656565
15984.448592525492
13.180527930443812
0
46.61491361141855
277.1349200253997
218.5294766840763
7388.403813991757
8323.62532291177
9.44087018365672
2.203990006398046
0
9.710168068908683
1572.3934505030875
0
91.33315008425795
256.71647296919855
65.59868856830457
0
37.904050167583684
0
14.45939664653
633.7176984057872
0
0
0
0
0
0
347.72713159286343
0
17402.77668004073
138.06200366059858
24.610532028775147
23.108253764168566
0
0
53.65291778189506
0
1236.062176319131
0
0
0
3.0833164941080726
0
0.6418543898652405
0
26.047135003541346
690.7485093642434
0
4.1606135431539375
7.617878802251448
14.139862610361575
59.32439698555333
2.3982874738089124
65.75217867163299
40.58743140947379
0
418.9456670238671
0
0
123.36079078582048
194.58582434247492
32.605509888265416
233.32717688531645
0
7866.876494057029
3345.789430798328
13.58075902832804
25.42701066178469
1.0226901624115645
0
25.988830036925354
2123.606523651826
2.7802732505118035
317.3868734445019
2.2855819157617794
3.5522910564721437
0
0
0
1.564693835359497
18.891950490533564
8.871219266615885
0
0
374.4477955135697
95.53519134163297
3.1722220670505825
2.0341992695104567
3523.609192431088
2.141430655410738
95.26290659417836
0
453.8484924480136
0
242.06157667844278
698.0729289753218
27.421819448809245
0.9403999654939984
0
1280.707445882978
148.93014312138143
3.753646790180806
88.30304215091891
0
1.0148030829344055
0.9241470751401855
214.51016226754075
3.348672035548713
64.83397927754034
122.27765635976284
5.706951067084923
0
14362.039260048681
0
0
0
0
34076.43833666761
447.39139326787824
0
36.68305235517877
828.2699647310745
9.30239191898961
2.6449909716078137
4.351020998606675
0
1.7323386022044729
403.254089017623
552.2507662884202
1189.8389378202148
1359.259752689026
23.899784435851043
3185.9713509570297
4614.45470174888
1.1915265364073113
0
2327.2327390006617
45.51609072891893
0
0
0
0
2819.70460349259
0
290.23649349898704
0
13.699184486494797
18.375202805565472
0
0
124347.35782363945
1040.0065759519998
0
41.28938651771867
0
16.9700374466329
9.114644331510902
47.57365241266124
2961.5823787608188
0
186051.3254602468
62067.97886060579
0
6.393153458300528
5672.274686050541
0
52.970734488147414
0
0
27.005572762640085
37.41472824946934
52.39898531635928
0
15.330360781958646
5337.7500689656345
0
24.872643375441783
0
34.142456045220214
162.74280665365436
26.046475232032194
47.488462805523326
521.750425729154
56746.515351220565
109.7352183498939
130.304131619367
103.58519862978255
0
349.6012451735227
0
0
14.322931249103902
0
0
651.3899971495981
0
0
7461.678404262355
0
0
3803.4705076268533
17.402383729445063
0
210.912316308931
2187.6805560541184
5.652462653860116
0
0
78.23076897515558
870.0250283467259
0
78.10034424192496
0
22.75429940471578
117.37891126823875
0
0
1.5279354165771806
1.5051977412967594
0
0
106.13773031222178
54.273720706565214
20.084061498864948
174.6840226275548
0
176.40327200939018
662.1670264048961
10960.46522370072
354.1352376410556
8273.5394972989
1166.5714799501288
149.18830979973697
0
1582.9183672314116
162.47187002327667
0
180.1903022015509
276.7256585717392
0
101.54349645682014
27.24362708510523
671.4417793057962
102.65387268098176
5.695089968011367
204684.2971552149
0
588.5082853760513
0
243.0602170627572
0
0
26954.600269789236
38.579331226722765
7.410052310815347
1401.2967709285372
89.49486822123579
0.7050439394643369
552.2297823329006
0
0
2.3042028538348798
11.017494797792743
4.380030091491041
0
1.6842624681059606
0
4.446875428209113
0
0
3008.619715452196
0
58.257954244411735
0
54.8955925322026
2.601653124607897
0
175.67647752770787
0
2.3211400660665578
0
9.928801777152472
14.211165174575582
155.35958077247352
42.97669137166559
5.9741040643428605
11.599711763386537
6.009709793167394
0
0
0
1369.296654700727
0
15.874994983554224
4325.3461339948135
456.4211769271118
0
0
0
0
72.34700699098786
247.82556566903477
7.799600364836597
39.70734019966302
3.233309324449916
0
1.4787604641797367
5.550739333177883
0
245.3257057255625
486.4924829359817
4.602288099235992
32.62028089546455
4.004055117074746
2.004430754195876
11.478186790772149
0
0
35.05499411097922
11.419510689459317
6713.53420397599
0
0
13.056526330105292
0
1.2473426409850246
300.290277027109
0.8541169134641082
1354.0117276573221
48.24250852544036
1.7261200632942553
0
14.129986232619483
0
0
0
498.64698523046474
0
597.2193948642536
394.01490693202004
147.69716832807532
0.871743265565142
149.79816384599982
1.6804300706556452
0.8799276816487774
81.91666278888448
23.06877265802173
0
2.342173607507977
4.6055090649893025
1.1927818930256897
1.129009147925519
753.1904533488348
1.34270628785774
0
0
9.140073583826481
186.45236726306945
0
4.114028953640144
45.501283377629385
32.59192404044049
0
45385.87930260639
29.258972674244657
3.342314095501326
0
5327.190112386057
0
51.42102774853396
0
236229.88183626885
279.97090506242694
36.78951861204855
0
1434.2959496861354
2.535924217732872
0
0
2.132143005424183
490.885685313645
0
49.436515951599674
0
86256.43510510703
0
0.7220757295769366
6.650106069484117
1.1838875639588293
0
586.1056741258727
201.61214966580295
1160.4263925879343
25.79876613228962
0
22.111299988855233
0
74.12073205800165
0
151.7917230284918
0
83.72727399594052
0
110.01044863070409
0
1045.9887066683482
23.687266656682393
718.1679176219307
26.234379933021785
58.006662729079096
131.6980676212862
4087.800348886385
441.79943518973437
14628.328145800495
0
1.265065059944915
967.8520729972306
10.181509543802797
0
0
0
2857.2311355725005
0
3183.086818294769
30.156812353792297
2008.671386847843
0
0.9446170532451059
783.7490273218984
18073.855295966263
0
0.8017726130874261
6.196780038344913
9214.031742052874
32.841085571216375
1.095866327929946
1.309261683301617
1.119196238216378
26860.3370974725
96.06485926254764
0
0
164.16586885536879
0
703.8232698975459
0.9589272649271179
385.1058745627193
2.6217482751381906
83.32262144381967
62.73492487672934
0
508.0944907923854
15363.926994745958
6576.693464712874
120.65858448388943
483.72095567972116
183.98394006988778
0
0
48.67256226641906
0
133.99955228754249
0
163.83309110686602
184.74245285920577
11.131030284522916
2216.4706335675273
13.163725196707023
1314.7293415957488
254.85266627275766
27.993168068945963
6.722188596355455
0.9143212924205601
44.32029191021535
0.9781023025801593
0
2957.0608882284814
0
42.36816457295338
550.2809892192926
361.7712451833358
10.215687372238031
18.877461599141657
1932.2237628459852
6.11659814239359
0
3164.624809130482
0
0
9.967340864392128
0
7602.287765736109
0
0
0
0
1.9568191810802191
174.9019838014817
0
0
2.09494508130692
315.71186514761104
0
32.21490443991232
3.218318666548045
0
1.6271894894248464
1.8143508478473356
8389.749519934045
0
333.0359335386272
533.9846091664442
480.8643843366206
0
7840.701091610517
10.362446416551348
222.96774949339604
31.53443160458371
16.52720698453477
13.235451151431846
0
0
267.1808255782643
0
0
3.313609407269722
0
0
1.3104638752767177
866.8950255335683
350.7169955612594
0
3.6806486603061215
2187.2042131530725
71.59155270195387
0
12.909054181512676
0
835.8366466994987
182.22227283032225
35.21283773736489
4.059528111691962
632.7502796932112
1532.9304686368496
0
4.287921552437038
74259.65491773935
462.7834433531636
11.27241426492121
518.8871639391889
0
0
0
25.723896984523627
184.37796747940763
49227.02815219729
0
26.267674439381594
0
0
3.6640712225217213
0
0.9922234442453998
0
41.429104702248154
0
0
12001.883243681585
56.64900591096882
37273.77222476656
0
1.4850284667173457
3632.522050699921
0.6557960910193181
0
1.6296512892150048
160.9395066107186
1.319024284816627
3.3924209619875385
0
1.3554802258677623
1.36721149876271
53.843011665998624
2.1026180952005338
0
0
2.3511633252913517
1.2608311768156364
7.609475112753139
0
6085.273675501361
113.60216398943884
31.50414659781787
7200.62678225504
0
2197.1406372172455
0
0
294.0750335156285
337.01864829797233
0
1.6992067004322133
0
41.53446897855822
0.2856367492709493
5.9363464888067
11.402889815370452
0
2.7940481402516757
0
10609.974517998844
3847.5265060598617
0
141.48017908070094
2515.5261101489946
0
48656.33603328484
4.952960464499817
361.86282204713666
609.5332391785706
1106.6228498379508
0
126.81217315014864
143.01781302140472
38.27475667034218
1.289315360894634
25.750984088984463
23.775833235211035
0
32.19473362158635
116.86195294424027
0
0
2964.233442434434
2.3506657121807057
7.871235868751022
5.314312591326121
7.172561761723818
0
154.87451961190104
0
460.90783929759857
0
469.45443763507456
175.80484534322952
1.6710372907052102
0
0
1.3843892907137687
22.570398774315308
1913.6906720856357
60.5180247768009
35.34548639780102
276.9458064819967
0
15.487166689112728
1.4746976721586593
37646.31644780402
43882.48691176999
0
249.9779596631378
610.7905701258201
17.897011995968356
33.549300438306204
0
0
422.19287516487935
3946.85140166435
0
0
0
396.15261895637263
23.30013926246466
1.1270927172575265
44.62912553482499
3.2695933480411847
1.201474962230795
53436.572789433856
0
0
8.128286783282464
8.314022830221436
0
85.6119645124622
1.8137480582638532
13.331795786830051
9.349864260082473
12.717012335942377
997.7188549070281
0
2.518944035298114
0
7599.747801581256
39.62628786837131
2.2333824520162153
0
0
0
4.493598668251301
49.48854326471136
4.051019872625792
27232.504353988174
3318.1407128151673
0
18.294329464422603
0
2.0117456782482472
0
0
2.0123888605268
251.3681235162064
0
3013.158758120527
0
0
263.0237627325178
248.33182749613653
0
12.790701365119704
0
0
0
0.9622252631822568
81.52562258735635
52.214170982280095
0
1.4697766372484313
126.20485722463341
383.4332317021963
43.82716406705869
21.180589070658037
5.692621182087734
0.9238044517509796
11.308820486937758
0
4076.8274383771345
0
1.143522206822773
830.8601510582317
26.573840471501434
898.3266815535628
0
384.80219938550107
3.697824706453752
2.6641313488909724
0
2.2076641017111633
236455.31623208759
0
351536.8991387924
3.1484739338808216
0
119.12602815135749
2006.5836345349926
0
1.1885010578395256
0
18.27740392596563
106.46110050269266
47169.147599590506
9.21211052938236
569.16132895994
514.5920547350303
25.573602343425335
3.337580769531643
0
16.176734380844024
0
0
9.397131491592093
48430.64233083187
2.180848479852595
0
161313.1283078377
