4040.4638265863828
0
13.856112322827114
36458.5516897882
0
559.457085246842
0
0
805.1317251144224
761.1449914606911
0
0
29.827167311712913
41.09217308118901
1.8795688164485118
3.3313769186383975
14.779855501643143
13.632191538551105
11.780436979060731
1.4155461466774437
0
2223.891192580934
0
0
0
1.7578080823394289
1828.844405123953
0
53.24485814501294
0
1783.7406524043695
0
0
0.6002852221614492
0
21.185832500872248
0
3.760560856449911
0
234.1636924999073
0
15.80926028638969
14.36222253986163
0
19.057137844052498
0
20.562769440924775
461.73719565283113
0
681.7620319311026
7.8151344029143335
0
948.628623334739
740.2859365051276
0
103.70570970416608
3.4258945025134424
3.1172890516206158
0
78.77888226500338
10.746173326578333
0
114.74382669205562
0
0
0
20309.30033700731
1639.1275919974673
0
49.054509471142595
1.7918277977650403
0
2.4493683026948845
0
0
4.425964386233818
10.004547963929063
98.12559314697548
0
32.251383381824986
21738.84991255234
57.62308376418341
2531.6393928097496
0
0
152.10512827542183
82.08077292419573
3517.333993043846
130.5159844554258
5.52370688850873
0
0
18.041423024903814
28.972060096396664
0
158.3090005387837
0
2.1736080312907182
0
0
99.71732991478416
0
536.3224581733169
0
22.00461607638389
21.520560858611006
3892.413936815888
0
2.0220560247703356
0
1169.1795166248141
50.477958301979875
355.4717718429343
0
0
163.32531521839954
0
0
2511.7064851041655
181.6936513704682
7695.817460009374
0
11.040425080137153
39.60932625402642
240.99324887359012
5.723793200977985
2.8569275721318186
1.3338298597405454
12.77624782010732
9.004717680256007
0
39.68991111865289
530.9337517683354
21.43608209131013
0
0
272.32132823287026
10.23325179577385
457.5768880475807
11.289687328036418
0
0.7150549022881068
0
70.7708943566871
0
10.84724418054073
345.23383453627844
2.6039196633268515
8.503659100389935
538.1172411019954
3818.2161969505087
9.231546506208998
771.2171121367709
333.44131708075844
0
0
2367.870867720481
729.5610683040057
0
103.59524971021855
278.7294038992086
0.12253658015282953
35.48546428051845
248.9912571421933
10.2058290345987
2.394095270565289
328.80424159135237
3.12640571003377
0
1290501.440686456
0
0
83.20220343341742
0.42759031563891925
6.594856401696676
5.199162146617683
0
24.507561441386336
0
92.9457558478787
0
0
5763.792860442079
0
0.9947004703338702
2.1953336547467037
25.074575910326303
4.022652764670095
4.358638743889742
8300.049673294981
136.35914007578702
21.49619100933736
1587.546535920897
95.99864179628034
831.330144551182
442.10597529924115
0
1.3015163284878017
7.0972623379768525
34547.80352589774
126.87023400019729
-0.12910669933447583
0
1.1613216977058274
8.185633773496278
163.49396848335758
0
1042848.5548644377
0
1.1228853601013569
20.11855895434208
3.267954777408964
0
768.0903375258471
79.78941586535254
0
0
1.3489902828125588
5.492478224759486
120.72230855561055
0
649.3963408349542
23.949052965681073
40.66183927431381
2.099265385125732
0
0
0
7260.297995413653
206.5174333653933
0
78.24537400723767
0
0
0
21.98477485333129
0
7.949048150455191
0
38.91302768982501
0
55.39712585327397
0
0
5.221644960494187
8478.812984490074
0.6523778530815069
5.97844339910762
0
0
0
0
7.217889525677405
3.6557548259749266
0
6.864382493253818
41.61050621228125
26.38458579661665
14.414701698313149
2628.6769075120133
0
60.88767004640289
17.43183533660241
0
0.9617760029024331
12.283501441012167
13.970671776134054
0
13.272599734669797
0
1.783967916700652
0
22.175675936982447
0
243.25727988515624
56.016493325061425
83.65038015627736
1.1468046459559242
16.36815202726272
0
0.9883199528062385
486.7068641345595
430.8760712906242
259.2597458503356
0
0
2949.2576619472034
0
4.770166065373473
0
1.2426780990749045
700.0749053379213
10764.728631239861
933.1475434015842
7.577336211702685
5.081610317390488
0
1434.1481730004805
0.38376262075093903
0
16.125852495999027
834.9658061297537
14.352428594886044
2.3577609192003752
0
0
27836.223245827176
222234.24593136244
2.074376188654735
90.62880648710241
0
0
0
0
0
0
619.5039031744406
0
28306.81115490804
210.6193114659632
2.2905283297207815
335.8455763281915
6527.797808869404
10.408534683607911
100.90407589010546
1.0091127682607033
1.5129161612396738
208.64309242069163
7.933816914325904
0
0
1.0389410889613673
0
12.74258629605332
0.5650475387021144
13.236060537685017
373.2752050252059
0
2.983147920377407
2040.501740601936
166.81068568531046
0
0
0.35846898162573526
0
0
6.169559735450392
0.3358667643656006
54.04370486435944
135.47878818296672
9.089413490094223
1.1824088562301371
2.5427910453914904
122.72083753918685
0
64.18978716956376
0
97.72830245576866
81.82116463404256
9.997822553727536
1986.3167752655288
0
0
1.4878023428741727
0
0.14352585749589797
0
0
991.0463925695653
162.22096913871977
1596.8510360663338
4.2535286577361635
336.8575822610384
1.6488342692251858
338.3986153852755
3.034013733432233
0.6858219771401459
1.4250565272037061
0
0
56.71634521294152
17.493410012660632
0
0
1.9054050310365003
0
0
3.213661496014633
9.296295310834289
0
0
7.21340126609937
27058.564111341926
8448.484498703958
0
6.170588632897649
0
25.24916828931031
43.261005954625915
18.64924429816535
105.29930398100375
0
131.14708824966024
35.491226509158935
28.097714922881295
8559.66784501972
0
0
25.5528376017868
3.7752254319364584
0
0
1.1677306035147186
6.439273264424709
0
18.726128126112954
320.22689505339673
34.88618287979973
7.257144378719971
0
21.07850128503086
5.187032934109729
39.9941123264477
0
4129.990733075273
1.6072596005500888
19.96603956816615
7.417800062487105
0
0
1515.7176956963287
0
7.432309967639636
14.472908439273976
0
0
0
3.3594980887947914
0
40.11352221399744
5.022928306114318
5.004578505588042
0
0
37.34963178103676
0
6.14784189435719
0
76.75141361855191
0
0
0
27.403340593040944
11.306017567747123
0
910.5575815114363
9.107607174579277
1.2214177999592761
17.497370503293944
0
0
1.8835974088392256
10399.591332022626
4.356838332938519
26.970947814394467
0
67.70902990587845
6.8500943939097265
0
0
3.2758284673373925
0
0
13.355944184882626
112.78126280443365
9.33500816868473
39599.85803647456
29.437261543508363
174.01446804126718
1.4487894146393336
5309.366309690455
1.297282362005083
3.440682901429599
0
6.423412527655642
1306.1984116687904
0
569.6361769637954
0
0
1.3107341500745529
0.7816498248292805
0
19.30041957613915
0
281.21092553241226
0
0
39541.45560502384
6715.34405823208
3.2771859367754175
0
3138.8762666223547
4.3676055413638535
99.14001530767696
2.3936916862616626
0
11.359298622183234
31.550092521447446
0
4890.673441086239
87.96716539480833
2.6844162108878864
0.5429904294330951
3.220246913534229
17992.847771035125
0
6.186343915056145
1598.4339269639513
5987.065940790418
1.3358540304483926
26290.006249019734
156.1077071819107
1459.8097376771814
0
0
1.907381643112269
1.8544587276076
0
60.52983780734451
0
2.892595225427837
1.5549773241795122
0
1.6368480225423157
0
48.37692534125174
27.19777008599429
259.0402721230092
0
192.79506127400475
0
985.688602736908
0
17423.507120955914
13.03387227030501
94.45391169754828
2.5318180566046733
0
50.51877852706683
0
45.41544679372221
11.357390377762693
76.11176542984438
0
2.198566233900104
1234.968966840708
0
19645.377802809046
0
1638.7200013382808
0
0
31.15057137903264
1.2233208804943025
2157.2741937661617
2.8874443864533537
0
0.9560245675524003
3647.266611767089
2611.269480437933
1.747622477784585
30.41255820290814
0
17.944061748938235
0.6460691334392674
16.097399079698427
18.315022509358908
24117.46459136841
0
0
0
3.920994427812011
15.739733768108653
2.0123132478837182
1.3438007539308976
762.3544029180749
0.942481386153862
0
10.511437339551364
241.36808978035324
115.53033550655474
4.545797304783355
1.6100916486322006
41.68519256238351
237.4653677011381
0
31608.039630065457
207.45450083044338
112.2960859282553
503.83975163338994
34.561903523522595
0
475.0486421555069
0
79.97292825272783
0
0
1038.2279318310814
0
0
40.159821150986545
6.6264123996085775
36.85477294224216
186.16060953543717
31.145763159895445
6.696128847673775
2.659505223685911
0
749.3929506990952
49.598120625998206
40.40959443824323
0
451.8482781562591
27.205468521796696
49.000545040079736
3.210591143792105
110.19996117070497
15.47666054702839
0
0
0
0
2.71112265080383
123.28464821957445
450.55044246841345
1.5369031023862743
0
3.3051584905822127
17.46116553011079
6.767222123155411
15.57085840972604
5.301439318762081
0
92.76643624691182
1465.9298423822813
3.216259634892928
161.1033144741745
4096.798105465965
3.1129939405519496
5.2062644791218675
3.591928724931213
67.6595973911231
0
1.1424979549698262
0
2.965032634835243
1.5068072112697024
1.7939282687617606
37.17974863176264
7.176218493943201
0
903.7048022076953
75.0332678256905
5.259601509837733
0
44.66237952453905
1958.6311301874482
0.8477776393253749
1.216199974772433
0
1007.178687206882
0
38.7447591052416
0
130.2359904598795
0
3.717913069352916
389.9179815202265
330.04737949591566
205.4220546720327
0
0
0
12.109577008021594
237.21997330073532
193.47538147383946
0
1.979594611532698
11.795809540613755
0
7430.768632181114
289.8656971952525
26.96593970814612
0
0.6405253008514764
515.9750171488912
17.800271444979884
4.416702638336469
66.36291933361572
0
3.1679319936925605
0
7.735027998599563
4.018980378278927
130.64686842149393
19.00967776574391
141.89738911983494
0
0
128.76073824888755
0
0
4.854320339478107
0
34.43702863537818
119.06485931142043
0
2.298949076997285
184.939587749465
92.56482080020253
9560.094061020067
5.003265476825261
39.98806711235969
12.857409703648628
9362.846626278895
43.96330734391888
0
1812.7917441686634
36.48646432984424
0
0
2185.2639383188675
0
15.52542716432558
16.26002134004655
1.1692426100082818
12.046738232850517
0
4.239055154053096
1005.6940596998103
945.7595603848797
7.229222725822721
2675.9169851440633
0
1.5109818727817363
0
0
0
121.54077207957233
0
0
8.083620870529687
0
0
0
660.7161487904564
0
11.59768896389101
863.889081976691
0
52.95747769203393
1.0142830268664969
0
0
5.942547160593944
10113.13496993882
38.344022679139705
4.9486474239769365
109.91222119375276
1.3722093052564612
3442.1231674139485
0.9036517681661143
6.346124194720248
16.068804358160943
0
4.910853162611922
0
9.095867401147578
65919.48087250347
0
1.056708820146278
8.098613903817935
5.187512906888269
-0.29114874446324857
0
0
0
0.8305539291700397
0
210.6739822044223
1.9547813387923614
4.69319104784626
36.17775313776443
0
0.6435003089447765
86.16661544615548
0
13.997553619717998
1.5863862906564195
0
87.11002715750425
0
4.565595613788769
30.42843750387047
0
131.11947330233744
0
0
12.0267206716274
1852.9138650262364
151.40878739996228
0
103.59945361928446
674.44035043194
5.018800843444398
50.66041927113465
0
4.214313693983981
181.7178973355556
0
26.013433118409946
637.6273159770415
0
2009.7635487872876
0
12.420598170365796
0
13.720698428305544
4035.8584853358093
1.2364833457075646
3.2263034349189748
0
6917.1616777175495
6907.502893274217
470.29994125112296
3.9409604280836437
0
17.82642470000487
33.281013702043744
0
1416.6415026243935
0
3.100190183675613
248.3474523013183
11.787882261172715
29.81844742094343
115.67159975780544
2.358982317640419
280.1401311768974
0
0
0
46.116617187543746
0
0
0
0
5.6993158112563345
541.8496931042475
81.72361538630376
26.51636266514152
1.7167287609275712
2846.3640324930925
12.145466774105877
0
1.3929804275459392
33.12651474936349
0
7.765805376969088
0
12.321769466683657
0.12651969650735018
0.7256801723035715
0
8.89693232984817
555.8203354719706
87.32741855187919
2187.0541666649433
0
8.023134556945699
100.05511852236106
2998.7989172968732
329.5519259629777
1089.2314393064369
798.1000270186421
0
12.654279198267158
9.851282810925937
0
0
10554.55299086114
0
230.78864970475385
0
0
3.1517083972106166
0
10.369155842354655
74310.43353564925
2.053817588905705
3.1929024921194147
5.842094650197908
0
0
24.22420434099028
0
10.003066952370284
0
9.008626997093382
0
291.63457596943914
0.6275229133434765
5.536602954551103
0
1.797831064636882
36507.229474917694
0.7686906439161696
194.0600738651949
436.4912487039896
3.0678881110915883
15.497622936933837
0
161.9904056365774
0
214.55707839060034
0
13017.711366668565
0
0
0.30388291878747076
1.3449604483915936
0
1380.7003521352817
0
8.725406103631226
0
0
0.3998763934822772
0
0.3266808210476524
0
4.6764100535135675
1338.1075768362784
0
0
303.97743992126317
0
40.66885897403608
8.241607470777044
0
2.1499598783814453
0
0
41.231723243164225
9.108099165162207
3.7357332016951146
46.40282418693221
0
0
50.393438766112645
0
64.452944845657
263.8880839906374
14.473933217251293
0
455.27891239784856
15.604828249211502
0
0
0
603.7057099328489
1.4554886196121384
0
0
0
2.591146049084972
15.448929166189728
0
29.145131472085872
2.9638808334739286
6.4550055647306674
213388.0698479371
1985.151614426105
0
0
586.2848866346968
0
1.7974615056258343
183.73867841437422
3.3583275029644923
1.198200817576702
165.44927284440587
27.839662476013736
50.32154694738461
375.10008607380365
0
13.207264632117276
2.9519695860115953
4092.8195809616127
