0
3347.9373547889686
-0.2421475312744379
2.5992910655833406
52.804729118347026
0
46.0083818673043
10.07107970555653
1.454622539115966
1.665971813295176
66.63576614282124
157.2064248701538
2904.641877570092
279.9765216444063
61.84209239963421
2.2568018187599455
11.521852594262764
5.353735272962137
6.239336349410465
21.80052848014794
9.937645169054361
5.265768577507187
0
1.5531183852942323
31.96536836461099
11.602135207094035
1083.9059630350391
4.2118477931606755
765.9125926778919
5.471337375126563
48.433770425459855
0
1287.106839607754
161.15976054362872
56.14806273917306
1.7883327443449981
0
0
3.1301111789031637
0
1.3109867468154137
0.9399355792781481
2669.970671629998
54.65366168085472
0
75039.75297343306
51.35327312678763
4.396302222916527
113.34624407492474
49.97790361847796
12372.223259958737
0
5542.281582453085
0
76.18290077234116
0
1.4837096044020077
0
848.6128029411881
0
29.99169730898566
0
215.74120711655803
2.3856437753619595
0
2.5272485821706088
152.58805193148598
2.4900331006502423
1446.8559449411018
1456.8629018398942
3.9863823713376205
37.093616655428306
46.502011140032174
0
0
286.52023681112007
2259.3683456196345
0
275.35984849937415
15.258163852165975
13.002512222461203
0
-0.2960843145610599
0
0
2.719635482394917
1.0433255853385406
3.685188290222455
24.620888266778696
0
0
19.985406149596237
154.3947427630921
29.66780401207778
102.44775049628278
3.582545445651211
0.6530326256921766
48.30190208631147
0
0
179.63982093443687
1.2776408137797333
4879.227646094105
9288.781367601057
1.7756351614904105
0
75303.89958003357
0
45.16548573975386
148.08098342020992
0
2.8116817218348933
11101.663786034009
6.439886060676928
7898.270302881765
6.812636940608406
849.934432102939
0
1.661875675312949
0
41138.36585619062
95.42322295052483
8.150016551215728
1.5007403193604707
0
67.14307968091528
0
0
0
0
820.7678781001648
15.780607118532192
62.2119656603059
689.0397883100582
101.86342706039918
28.803786019154828
277.3673214788919
0
0
8.235368464435915
22.184410508176335
0
0
59.7006983087817
1.1760358201511467
45.574182928271966
313.45923921853836
276.78904388025256
0
0
12.899207726800423
1.3421479661360978
2509.127374005168
0.8812809303048458
373.1439655297299
55.83941143317511
35319.812928742474
342.62266461362753
0.49894822497006497
0
0
4.146878874941001
1.1868841843537241
0
4826.028500737901
0
309.1834517077152
0
574.9891763940357
0
0
36.15784920001287
0
35.09544164336702
0
130.46822925622683
3.7828982689665462
19.083162678655277
1567.6866409823124
15.426689058469327
0
0
445.31113543603294
1.4397798208172046
32.93714431090576
0
0
26.918695316592036
0
0
3.0225414286682897
12.099688431337608
30.219618461600255
0.6646882351831933
17.99877469318476
21.97024176103249
38.37880409651257
0
0.7349042573576837
0
0.4536649727860561
0
0
0
0.44831689014909104
2608.546014242647
654.9881611653701
0
1.9967497829978607
0
0
267.72062891173107
0
0
0
8.083180835546942
1504.4166766035316
7.879932765778752
829.9660779319106
160.82567467683555
0.44078156850257
13.185277593229054
44032.85478122862
1633.1131911232865
29.61010431327436
0.9759060107436116
32.549846695221895
3.6359125917839044
1888.0398536187627
0
0
0
0
184.22707359393988
7.333722555783826
3.017377753179241
3062.5329456331433
3.584179015807511
375.713686475169
0
124.37127338186005
0
124.92299120079775
0
1.1179802437006017
0
56.055841071811166
1.2365342805450268
68.89210603702867
0.8398977480622226
0
0
0
1951.334482962449
348.04077706581063
1.4262300953720088
9.604627118135316
127.02443402883779
7347.896459698159
0
0
32429.964233755043
9.363434162031115
484.0777463255928
0
9.497143909631355
841.5327814647922
0.3749447411024832
1.296049966202517
0
1.3452246471658307
5584.518036265113
0.5805510424803626
0
253.59310957502902
136.21340342650575
11.240101615824434
733.5147994948987
17260.10670781705
13256.430833860411
694.7889205081362
1.754968166562297
1052.5873316274142
0
8281.003623748147
3.8430809614382726
25.132186145575375
780.4914959982611
0
1.5587069460073386
0
1.6556505573464375
1.2383375033086177
13.118415428962356
11.324500575507134
45.169719429059334
620.4584204548386
10.807966364917611
234.36373489146894
111.35178973266933
287.2847680574366
182.69706899715453
14.46849857208542
13.04009739474256
928.8441427524988
0
9180.45498238931
19.28831162149591
1.2916711406148675
0
0
0
0.9898603980412138
229.83884209242993
0
0
0
8368.371373127366
0
2804.668485488119
0
0
2.1705928032997877
0
131254.14760027156
4.9464194346051285
0
1.4428147481462112
12.204161467438503
80.34639195490944
123.16879295875098
1.0123661366730154
6.471618556474093
1.2036957267988984
53.78732958792878
0
0.8509494186071028
1.221975943431013
72.28869475459217
5.083594093485754
4.544081388608662
2.2808299619249075
46.62641716381282
150.3521389969734
46.0033448491993
0
4.840288318734233
0.045364829013293195
3.200519273459439
1044.926300700586
0
10432.479706066602
0
0
0
0.2617314066387473
222.09926567146138
0
429.4727203506483
617.232149318696
98.65771290242274
0
0
29.12556770388816
4.243327343531296
0
17.88572489011376
20.4914462939101
0
20197.385811104643
0.3795132450483386
3213.3136792502532
0
11.138177230997558
61.85558672010882
7.441257708006
2847.306251776382
0
1.2242061868132583
73.89820443753766
0
127.4145658369997
25.420320146587496
25129.176298026683
966.1363769947048
66.66661421349359
1.659753175449283
2.9560462019788125
1195.790841142981
0.8572860039888872
178.76332476162605
0
238.5579653055215
62.87261408505522
259.9746951363029
0
115.7705320618659
0.5328462269664904
0.8865782561024306
1.6497826730172596
6202.949256247622
0
0
237.6875575792509
0
0
0
8.708116811129111
148.14131111627938
0
38.85252712230651
0
0
0
29.758585328711995
496.4294482975836
2.6887643881150036
2.0027523615080938
1924.046632692482
0
30.707647249601003
26.190000709444544
11.464076032872425
49.45511807394479
39.568629295207856
926.8912926168052
52.532571758159264
0
85.71593724441456
0
80.95493832499521
41.01461918291807
4.667867070985106
25.699500865813093
0
1.6878140327673654
0
162.80961648590196
7.502246387820091
0
17.976406125145992
30.709195674715325
78.00649902303252
4.3213142801178215
229.36446856076068
0
461.67338010437425
14.10966011483858
393.1762135090316
747.7627479666568
2.26291634608033
31901.32341601882
0
0
82.34297586122312
0
4.889632838923367
0
0
5.165262151366598
0
34.20522214764781
15.195974694466138
4270.619717622475
58.134206333221364
2.0500125816289922
14.59348508351932
20.36335885245752
30.034610225387773
0.5588160266502209
1.823966499719984
1.8629768139989102
1.7370289425567478
11.840784468275714
73.61306510555542
41.912589535989085
34.23513936849998
46.41131734378725
1.310235443317979
1.130326146768717
0.8831439719010631
3.366510416364689
432.06095852157995
1250.389506176619
4.359732837304968
0
5.563773674972074
1169.6858008446916
546.1859009097401
7885.501276020093
0
8.312454257719327
3.677651201295569
11.886420691419703
5655.772136622336
0
0
80.90549486912532
74.82097757321705
0
0
1.2525122437865837
0
0
34.95351761355863
1.0212510358403026
260.81425412060355
3609.5835171277267
0
1.1357614425454539
207.92862812118264
62.365836680230245
209.43792454365095
1.5573088691251162
56.92411819423548
0
10.977829766339292
0
242.38178607990275
1.278049139974169
20.38019733631935
13.45233433783699
1286.4737456278879
38.18738143268694
333.5268006224026
959.1663595321954
0
0
20.13565602849618
13.130295646081091
8.149183068175503
71.30597611617357
2.851391313320152
81.81843140213321
0
20.298041218608905
0
0
24.261793817264607
0
6.88148885359223
0
1296.1034712698988
13.728869822678973
75.01251927475361
2.9851456069544113
0.8685500184939747
7064.612106708083
12.170403741501406
6.5297380820026625
0
4394.324227448387
131.69736082284103
7.742916446947467
0
88.8978472697546
11.505251759518464
0
1.4918319526618238
1.1595365193144396
0
17.85940430688072
53.77661863142811
3.255560927566778
29.852891986105305
0
0
16.785880875772598
20.97665095219554
20.56220317250471
58.17174388183057
21.210521895613404
19.062731083169385
0
15773.449371548724
0
0
4.6269462762119264
0
21.46426167808239
6.659492367093511
27143.82440267361
10.00356816027709
0
8.615315298397995
7.61179077305022
822.7245791092334
152411.74208564844
1.7728892793063789
40.36189417716426
0
10.847589457487443
16567.07383515317
0
2.4277715868406204
0
15.192642173968583
5.761892336868295
180.79692223167638
13.954390660395724
12.992130905106354
57.98130478891203
1.4155553968511947
10.458595676655772
652.9562170286857
1.8220135920277905
0
46.63648114317972
0
7.626848036841259
175.25936296165503
0
22.0888252584279
0
542.6394926890905
0
0
61262.355586339625
0
0
65.39736443327273
0
6.986896465243971
247.9833506833756
90.93919272521049
1.2317362934090688
2.6379116969126395
0
86.94758476279573
0
0
2.561918706849126
23.751462939153356
2.2135168155093212
1.7799288420654962
34.08092411107332
104.63539716099365
2315.9781104167814
113.16190089630345
1.692642342634655
1268.737789411238
0.14038114850619865
1.3287726306205438
3.7711051979770907
0
0
10179.066814090247
5468.036800642742
28.97438841113708
19.109029859517555
2739.902086476146
3.803945697045354
3.0041124721185373
9237.242615762485
12.06382829568823
50.82790586689248
0
0
0
102.77652758483187
7998.792586006497
26.207454287378493
4.27902660743765
0.6863504075490092
118.36386316211328
7.802155339022772
13.112516465679514
10.966166023599294
0
12.505094328282091
70.23982056208851
96.21355054851755
5.307628561149319
0
837.9807280345739
0
26.853164507061496
0
10.725069458007496
507.5911418306276
45.51800767093167
5816.222657820444
0
8256.094690285068
4538.315516567813
1143.4610434113436
123.89350682739541
1.254193680268752
0
50.69923586304596
2.8998738317939345
2.4195006738216227
0
17.306741707154504
848.2161287181865
1.8240197212238036
0
19.87701279045853
1686.065396716605
71.22175648896814
0.5120203626142039
0
0
0
20.25588555853319
1546.304638818718
3.1131302814724835
0
2.839335360586637
186.38211257870532
0
1.466706755966467
76.56620191831209
13.79771689633041
426.06813247219554
2.903189544227419
1.6897282858704616
1.6376065282105183
3.01962331274365
573.1252057276772
0
0
43.29601338092957
0.6312032058054997
326.071919857003
901.0022843817699
5.788455514328115
19.911206362015093
110.38530974847914
179.38718946840262
0
0
0
0
0
0
43.48932157889387
2.12831278123823
0.937093325002286
2.4384457708955547
0
0
5.603145224184077
255.4332117665472
0
53.35681126745462
0
69.72503985400344
0
59.16891808691078
44.71361023958037
6.455278004268539
0
0
400.8113155949287
34.578222071642635
0
6.835808685816976
240.4632814018904
30.883380423807655
0
109.21689508759356
0.9950296254556832
0
0
0
0
214.82171831571733
59.31369902703648
4.546546051521823
16.01640111880886
384.19679020105696
1.5735050329370974
0
58.59301102093348
1.424838354025937
65.05603634169826
0
8571.39122469509
0
441.14017457524596
1.1543882810096782
116.8107106620869
11.863023328267008
1.5323678994987575
2.1630231439326115
0.543549371191359
62.51775881280108
0
18.143940159102925
14.967439120452593
0
85.64535885635541
-0.06979023640814797
77.7116681384509
142.3199284246611
212.53086932643376
1.9928732913917457
0
0
277.55656179060253
714.1487058999039
0
0
0.8790259024954056
310.2706523409574
0
2.9017835340342395
1.4116601474080865
0
14901.428510544776
40.046878709108626
0
0
83.36209827509919
717.8363743469756
39.337554042396604
1.5545144068955152
2.100924293158082
13.281067524323586
4306.994043561437
726.2001634148544
0
0
32.37685637411266
1290.6451929344817
0
86.91761785353111
0
0
1.1571645473884096
0
4.162115042525427
20.264682869529953
0.6521906478571965
0
157.85477006266856
303.4569195874284
0
69.62668740972975
0
0
20.6221858019358
0
129.10028192329196
0
0
14.693118650468838
3.848960960222941
11.266828989578059
0
0
1.1371706950535885
0
1.3225210002514214
2577.3264034167632
0.41598787101968004
3.547212503489586
0
14.396513041069879
1.5248594373729965
227.39823506141184
0
0
0
0
0
0
2.106797910812774
4.8729124468953335
10.135496584448166
9.794600171753334
13.19735912354718
0
11.499294686590169
14.167958647789336
8.001901509949025
13.283549571808376
0
57.96789144568956
11.912272418491453
5.971721805846904
0
0
0
0
2.0885920733857106
6614.854485795565
729.9864221301259
0
321.4725552685062
15.133059416663366
1.0234458276020928
121.18806554036591
165.83326886675232
0
0
32625.380019025477
0
28.270040914750947
91.07587759489637
86.26355382436343
0.14929128368667444
0
230.33107817110664
0
1311.0670386795737
0
0
69.75173240175775
0.9865561956840316
213.0590454436872
3.6880380023318007
0
0
135.3758849416081
0
0
0
51.379290179853975
1099.6679022722635
5.156165204788491
1289.1156577736895
0
0
216.71981320345486
1106.1353868403087
17.825879479363227
6.796306436822452
0
58.321618980751026
2.375610767060354
0.6603826112713933
701.1483748922807
0
41.927762778343535
1.2442164266309517
2.4446111913337862
44.78824582953723
0
122.8366921888976
0
4.424673423889987
202.46960967523253
2.1726560359437346
0.6701262849992791
0
524.2042799448774
2.160315240042951
182.85579089727258
139.20192626518696
4.341368794415503
16.691411453118352
0
11.378097131426827
1965.605716066626
3643.317218927179
6.2542413601373
12.920054745689736
1.3965368878952398
7.1108468359053365
32.90884662841885
0
0
0
24194.156637764594
408.81716363531734
1149.809853703817
3.2731626141098578
0
470.11596333948853
0
11.942053632236997
6.763580417196355
0
3.641458659198344
276.6867584321531
0
0
538.3677367300079
0
43025.72459843835
5593.222301961909
1.790662452251303
1.4120230664071132
205.80349729198568
0
0
7.6383231659765
55.55501661525331
0
7152.874602273071
6146.410237108312
85.57923703696144
0.9928868310444022
57.23877618759681
10.325195173089798
594.383693964598
676.5203464278966
25.18704258765505
