8.551019838284722
0
41.392279031051935
0
0
3.0115396899262574
403.529338796175
0
18.996343746907073
0
0
137.69279820829556
1594.5931281574751
0
5.460959331099612
0
9.60859835686312
15.994815808843228
246.51665295994644
3.3180458885504414
5.680318010766434
16.71031691134711
1.7618891901378786
14.08202390868861
1276.8390638920232
0.6495532143136711
0
825.4943235943367
182.30576144653833
0.8415621129708123
1.082028521470982
8313.316530320128
1665.062275945394
0
0
163.48130425888127
4.381237214812472
184.64318726795398
246.9060171519293
1970.0148294698581
4069.5943476538396
76.05943470648062
318.0798990797086
213.06979204978987
2.194516611306579
0
4529.5065800008115
0
340.84741742257086
4744.359722496896
614.8165795893001
58190.5824630389
33.64085855744331
288.0644468996425
46.345783048577886
0
0
0
2608.556630030606
19.243061732943172
96.54647360084395
0
278.2762524753237
0
0
0
1589.6613151003194
0
10321.611541841896
240.18984365161776
31.638638960458117
0
0
6.917543189849711
0
4.4123165760251855
10.12642018217003
38.627782439976514
142.76037201499747
412.8158431320979
0
3387.4672055949436
0
4.916301963061356
174.71864403591732
215.74710010091604
0
69.90894310900376
6193.793664522187
14.045854049214213
30.7911766857177
0
0
4263.268492361655
124.99503223634665
0
8298.72696375776
99.34423817935651
2.7143645811380894
348.83878581949875
1295.581698521738
0
5.122456994246574
1356.294881895226
2.2489486766061386
0
18.007072498659436
59.27579642790641
1.561312218483254
0
46.86314886891846
0
1.4354080729318182
5.200567386854258
0
17.692968483848635
0.19283548299580766
0
266.50059043333255
9.250841904828276
0.8071817085700819
24.721196409044683
0.7002924564833317
1.185175206400551
4.991895182636508
2679.699130149791
5.425890171396256
0
5.176033482047729
0
0
0
2.5012451825762563
726.782758735709
35.4817506235928
22.722422075553155
0
38.88449849995019
0.5532011883534884
14.236244739228955
41.78918510600706
1742.1618337043096
0
3.0086600251144473
78.8315095833894
3.271721946395408
155.8910696973513
4.5260448967451286
0
1.19685947455418
17.03634876838247
66.04798760988578
3.8518869589805136
6.0386741118142915
1452.9534625541041
0
0
1.5954052957823548
0
0
0
0
2.876470142572212
69.83178570606073
6.855007906051753
90740.6281574535
0
0
20.210507568085074
3.967869089111315
0
11.7671590718298
0
198.1688045846003
3.570419699441393
0
1037.626951120592
0
0
36799.17070519684
476.96148987381025
50.504985837917104
0
2.877184161499728
6429.3260831058615
0
26.478216508950226
2731.75773472348
16137.761295737022
5.766580902006659
703.4887617485202
532.2903456103048
3.129007129433299
441.53954202453883
0
0
1.4624006166480048
0
2744.34525742676
0
7.182520880847071
0.7010852229941502
0
193.6931706001836
2.3735643340827774
0
0
18.18209035208886
27.020540668288017
0.7420916407148784
4.641043714715049
0
0
3218.9940909393295
5.482044452330638
0
10.47522356107442
2.0288358873394117
0
39.43860123858015
0
31.64046113248333
36.383720857957826
5.37639092280256
0
571.0018572076895
0
0
0
1.840438507597681
601.6515657246238
0
14.812047231296997
0
625.697913706265
18906.871401221506
150872.2956774876
1.1451339982092408
76.20095850022412
24.080103011419958
0
0
0
5.201212137643018
2294.3441029900277
1.3778349871663922
1.7478600751151572
2.943281304833683
0
2.928481819625115
49.51224222135876
0
0
0
0
2.0322319756666314
0
218.2814817990241
96.45764991023314
9.910547037384095
0
5.778777261409399
0.6624065178261918
27.72236783015826
0
0
0
805.9379336836788
48.29835586039836
0
17.601553537797084
51.305404094733504
14.415291646879323
234.52362531389107
39.47541106289872
911.6843494141916
27.77049856176597
0
320.498466787211
0
85000.84581614289
55.64947482587813
352.25172347685236
121.18384097691637
15.755223531148175
3.0628823263096203
0
0
8.823268727615083
147.9944947501231
2.1900767977967472
332.84147738829756
0.17685470130564518
335.9100817224623
29.017460928889207
1.2808357261346128
0
729.2264086884788
0
1.1963345532130971
0
96.00022298929889
0
0
2.7110090269221434
40.89756192838364
18.484245200843933
0
0.4296493107116618
2199.0424471353103
3.5877086407275494
2.138301340791573
425.2221090113708
0
24.128883534961883
80.5278939667453
13.873992873500821
7.160510956792314
6.029810704564311
29.501990291119437
5.37597667082414
0
0
550.8951774927884
26663.561915763465
4377.373620587142
4092.272232014294
0
18.879751034042393
23.030114406432844
4.583241293322658
0
0
2.72884578688572
8.37787610390383
1440.647106999972
0
28.54683516324566
12.381228372511863
0
155.78833653911138
0
119.77448434817275
0
0
0
213.84332114013046
5.886930906071519
18.714416870060276
0
0
74.85960219733704
3291.7938880710217
48.36512534381318
316.0347679693838
6.203091159985828
128.04046935136574
91.84316708708505
0
67.34005083805864
3.0970194487948897
12.436891151261994
1015.0907858245421
839.4752097243188
9.597206441661037
12.232391349849607
0
0
31923.197416869414
0
0
0
0
0
770.8336661648174
1.508370700721887
2.2919079255795047
0
0.570482288227633
0
0
90.44905483338805
16.297429802313722
45.62561910164065
0
39.46152364471234
0
0.200240068074917
1.1674605042081172
0
0
2.000463515326091
0
179.72606655099366
153.25704626811265
3.422115499353641
0.708937334930013
0
0
0
2.634363833826989
0
3.7434635227096313
0
0
0.4684308315016422
8117.724555635033
0
28.409022759695198
1.5040822821665412
474.9032675648159
39.953294737897394
12.71799595722047
19.418756528924785
165.67659466709966
32.176866160455
0
0
0
0
1.148049019407093
153.7494136137683
4.549907888432945
0.17531873665137077
1.0829369553482058
0
0
2167.102663349772
12.08471038730108
0
6645.389673525079
0
16.913909658526112
4.556156461280533
161.46003385424467
1157.3263952644534
176.54419042643087
3175.625136025434
0
0
1.4359943017389911
983.8101304249907
0.6660905278952062
0
0
43.288513539002984
0
36.586132652214005
642.1161935815826
15.506106933081432
28.918586913373737
1540.1958719414479
2.7083208291570573
17194.07906841971
4415.909772036808
1032.833246999544
0
16.40778508093782
0
6762.0927878373495
1142.7392654659438
114.70004859987229
48.02680494758756
0
1.8844229342696772
0.4317788434084199
2847.1170998381995
188.51665483747527
0
20260.3217998049
11.004569164123911
451.6224149856061
3.09529637939244
0
38.876735650723084
1.1858631221820637
0
7779.341805893459
26.471705308671442
0
15234.732837531485
2.026419025295544
7.278342157889543
37.705120058256234
0
47.83931520759517
0
5.668532182104023
1.0791262187405966
0
221.58165536949963
1301.391407059467
360.82040601451695
3.284761195625962
1.2472701190221338
0
0
12.55441321228509
6.366050473122312
0.6644530684447605
0
0
4.878115673422586
28.78938404054282
0.5900228936107177
9.769189621312087
0
11.161179397329237
3.591685561270304
14.052900385618717
0
0.4533356992422075
0
102883.53573494237
151.91915823593598
120.7564696927967
0
0
16.444131496301814
30.746981423741403
1.8632097661931946
0
0
0
10.507156639512468
5.247473091694161
141.05477507237757
0
0
2.4426603822368205
17.6368760089481
2.267181529570376
14.162674926803293
1159.5956458127862
0.9299789372154023
64.7374678657594
2.2993213113975353
291.63443267916756
31.438093132112257
486.53931185479894
0
0
1034.4541448219438
2.378817167325912
330.29514970856326
1.2600472995271206
0
0
22.80684620415131
2041.860172804691
0
0
3.212889283519159
4.606447007398803
194.96672353221297
22.124978263312506
0
74.89882186655404
0
0
3.652223395149554
-0.35735177078413116
6.434319886967337
0
46.81621059563226
0
1509.391992006196
12.10597771845205
1.0560847270558207
0
1.1465912289923144
10.540800881129249
26.907239415174374
1.52884382808049
0
0
1.7898980940594718
0
0
191.25806760798886
0
0
0
0
1.166570528439938
10.539253942423919
0
125546.74041696859
0
16.120385356742
135.7084191203451
389.62591687302165
0
0
318.7097930656322
1.5289717958670472
14.606103163403118
0
0
10.995517449440031
0
0
0
2.4703133166703406
15.274187154333886
0
0
13.038911991489412
0
0
15.729487596468985
0
7.192532861482382
33.09763874276454
6.775568718364834
256.1127981342119
270.70058393740186
12.88911844206099
0
0
13.967948687302645
0
511.8863304734902
50.06286699458914
1095.3838448497822
3.2378033935363066
23.824434075670865
620.5990708756317
2288.1993496570535
0
15.85192254035928
0
0
0
6.201440717204331
961.5444300489348
0.8524838921750846
1.715107097531255
2881.4623339507875
16.958435986704803
10.632094535988445
49.317108051543734
254.9924485797301
13.799254259934624
221.51044958197483
190.00895751203655
2.967619260683114
0
109.7461111186442
0
123.8445153911068
0
0
25.138156288536706
4.7673534642048665
0
80.97429947303719
0
0
0
16.570327757785883
4.880588935008192
0
0.9240740219675453
6.3125087736206655
8.715074494648801
33.19950037439253
50.05665468029464
0
0
23.33427878925003
4.064477575269106
11.92116687239519
2.6823735301934732
55.25200315841147
3.7586297665863695
0
270.69041995706516
8.430512252437431
126.53249690587285
0
0
0
1.6557212724062689
593.4604665967238
43.386306158983224
650.3089800539628
8.665871661789915
0
0
112498.35463977618
453.5858199584193
0
0
0.5866217233924301
5116.73620801445
0
0.058423525405286614
3.849754478519566
0
12.740886699038091
4.409097862029617
18.813067827149826
0
0
32.987726913433555
0
8.499090558221509
17991.860035684145
2.1902024388744445
0
169.44569898735514
0
192.62541052568145
1.4792232203849527
487.2016306721332
5.497344808730407
3.5352712152908996
0
961.6232859341261
3.117756378860984
0
0
90.66180743198423
0
0
16.213748271080604
77.30581664421366
286.8163333087221
4.2418048553562775
1252.5618106759732
0
995.3807014761545
5.2958443184740975
55.444924956785705
0
44.50971851705376
0
10.801471673918202
18.071817172577806
0
2.991310587713981
0
12.418760412827396
1450.3767503818162
1.5132239719840013
81.73115328081988
0
4.9603184946439
7.472654298449316
0
11.879945320685735
0
72.17585660567022
4.226641536983939
110.52835511567113
303.80483179347016
0.8690770523271343
8.846772220749799
3.4513611515091505
0
498.3967630896965
23.26773642369536
0
0
0
6.407294752140682
288.21604290841134
19.853243066632306
0
6.851482188077924
0
6759.4716089755675
26.701351193646207
28.729682398208556
0
0.9211250181590867
0.38336330485768766
31669.575656711695
26.287149371968844
0.9799000267690847
21.10898585973658
79.0762695219986
5.032773857585156
28.266250233166854
42.85282164234222
15.5112389260541
1602.1918252539472
122.45138468296106
0
4.975239290215011
1.0545975420939289
790.7262129073993
75.29214116112792
143.36957216171712
0
1.6286823717541197
0
511224.86435650743
0
213.23522090249497
802.8696859253465
6.6462219133317895
4.779360620361845
84.02676270738107
1393.4433270910295
0
5.449552685596528
39.77634389522859
3.68097327987448
0
558.4820845284197
58.968568440012056
52.51075369597046
0.17294465245349055
0
0
0
2.515805685443325
1.9930185478812894
0
32719.587787683748
6.15500205115518
0.8601059506461286
499.3448981820709
0.5009623654464561
0
0
0
180.66062857000026
595.2517033018777
1029.364866737383
28523.77350186004
412.48378026995704
234.85254116521057
2.7978744148205417
0.8894541879918499
0.518696927024892
1.0283403810973586
2.002357223213862
12.223308064898829
1089.945696174748
0
103.65576510992577
0
0
0
100.34091489465786
7.604612577457179
4832.69809319999
14.862160413696524
27.914237670886685
0
16.771729255814964
0
14.008486977796089
67.3855473155762
0
249.28600584595225
0
0
26.17995388543518
0
1465.1455774072458
23.260741850704417
146.31615496514598
0
0
101.90297051702834
0
0
15.47323747337331
1224.948638214477
170.73528378502328
0
4669.216525241228
79.85690136693118
1296.9357365849564
1120.1715098738443
2.3569418768999917
11.317880082413154
0
354.03672865819067
8600.062080762991
42.866479747722735
0
14.749522441482899
0
1.7224745980726288
10.092928592165125
41.438231279445766
0.9399405009971739
1.9843527412824808
0
36.59460377352661
397.072893981756
60.258931857272344
1.1743122599821956
0.48879409824395526
0
5.808817776298628
169.72515835314883
13.262603329410357
0
886.4311716600641
166.1390071184168
0
276.8519934866305
20.275607795227778
104.52536161105998
0
152.1765389255677
0
0
184.98532855427985
691.586492488748
9.95268650297177
0
192.6649486099337
0
0
1.3414279560987177
0
5.051847365138662
0
0
4.397638972755377
0
130.1568307212544
4623.560706569682
704.9931021996692
8.680960867936356
1.0258619656311843
0
1.667361560387815
0
0.9555171019934908
2044.8446496859742
0
62.57119772770137
5.304876270601792
12.101920649613396
8.960047431685753
0.5524216876555323
0
0
4.790681152905732
0
179.7446727591921
-0.4584231529837688
0
357.6078220760982
0
920.5852190654947
0.24425914576973384
8030.5071099510005
0
0
2.064885941212641
0
0
15.339167633202461
0
0
0
22.361484906531317
121.40776456821506
1.4401552104389967
8.427880650436435
2.296795094524045
0
15.63450769326009
19.71617109058515
19.765686853003626
0
0.7611386292667324
10.553517186018837
1.182858942493016
3.1490084394814426
729.8976901163763
53.333828455617564
0
51.414752789373935
19.466965837729834
0.8114380968933461
18.909397856235927
3.5537982783440727
114.42162991595453
0
0.9733059591689313
38.0097183535807
1.7357230651548066
0
0
7.168701415748433
0
0
74.57639169242834
140.58752591153697
4.688494664813575
