123.1028961769672
0
14592.144832346165
286.48783658933803
46242.398066918984
295.9748861242697
219494.47706236356
142.15307597185912
346.8960883665154
20.260269943562854
0
51.21508474516859
0
361.08564786839787
4.661367647173145
452.96029616212394
7.6270223376638775
0
51.15393155633851
0
0
1.1620261358154995
41123.5368630863
2051.8860697400846
10.431164857782456
203.63098210831853
0.08655126388798173
0
67.28496565885177
0
6212.294277932707
0
0
0
80.88152388491598
0
142607.6557780878
4.754207965694242
0
209.55738756343604
27667.212678971417
12.697315708248167
51.677806670276276
169.2883609792581
60.550929420136725
3.656931988466814
0
286.95596399828247
1.585799957617034
582.5558385345596
155.12307287446538
0
43.4870396691259
0
2.0976958171210285
0
57.22133726198339
3479.044866509328
4648.65469557866
3.593935909784982
805.0571779462598
13.17181416477055
0
128.76164292593762
3326.128883537796
1.5194225817845795
0
60.88659214832629
157.6805172312588
0
0
3.6312549946687094
114.4852600419908
1.3059744351720795
4671.727573559573
1066736.4587278056
35.69486886773813
0
0.38404787417311703
0
25.419932910229953
0
336.6743960721969
3.584849162107795
30219.961859898118
70.23023153495754
455.14126435414295
7562.611655298005
41579.21186284422
0.8933816630972483
17.73181102634763
2079405.4608426297
0
1310.9551112578172
102796.02852608904
905569.8821305585
0
3796097.4379399167
62882.9040488579
45.621787935673495
43.27539753624297
0
663246.973280473
0
19.500540437769295
559329.0910532832
0
0
0
7.677929663306325
0
4.79304405874557
1214.2189432839564
0
54995.51415792688
0
0
7293.6379691312795
0
1778.2472089041069
363.16173332981685
5.2383594242222005
661.6914853453578
22868.015527814245
0
0
2.8272961723885626
26.73909447477416
0.4457415691358616
439.22706798064974
1508.9581997732228
3071.255080786321
15798.698804464375
3.1814967922662043
5.087821575678172
55.9514949021263
7.114627561410304
0.7096190113662628
22879.87786323538
36.41848838670759
38365.263907798486
197.10672016208807
5.2734846163324685
1302.996145270819
0
560.5289408214757
13.822016390915447
102.54364620213305
20275.72933431717
27.556732939508805
0
2396.0071637974947
660.2812026109449
127.57865470770193
8221.525674944247
366.5069804317216
298140.0776492904
0
9.069677781594041
1.981146870964539
8466.477568391778
3862.581430836725
0
2.7626272490056514
0
6434.937934510399
26.711489520950362
13825.929633544647
0.7795457867091864
0.9490687953271995
0
833.0492681084285
14249.191432356745
355.8968978073825
38.270427005674534
2.2465427827286737
199600.97068226463
16198.707757540058
11762.823027022454
11647.751470645542
3.5076148457738148
4382.200950582208
60.68467809377679
271.8000477462039
147.04828090067346
334806.3853379757
31866.5624858442
559.8562135578462
2299.4666862223494
0
18030.0494117895
0
2475.695821107298
1.8368879798991338
24.885326158200073
671733.8457850413
2531.78542571146
0
0
0
-0.03477416126562205
69.14942264954563
1475.0243681941815
0
3637.9784956389553
4024.1716013271302
56.10510641536511
0
1085.6003661061527
637.6707353763153
10996.695613423493
0
4.875211824499164
53.08752011226226
287.78802578048993
0.47589978175516745
7.2854992469537
0
0
105.73804435094918
213.7379618269412
1611.6902207758185
21336.43180216556
18.66911223904932
0.6924996063950479
32293.92738162429
0
8.342456531014983
4.276479540461533
0
0.7458878631825228
46964.27063147819
1025.8798310432844
0
62.622113561312524
4.415590338197202
214.75975740860542
1634.959460839598
3939.5502496901213
1.2294687272165967
0
0
0
421.5434375862793
11533.767635828974
604.622203620481
0
0
81.62868125088485
551.2135185425781
0
7.237070090954825
0
7.954883813317427
15479.467124778035
162745.48883171214
4139.112707053376
9.872580843027608
25.185588439817757
224.50098177516918
101.08515575976477
0.9352688871033915
3.704478651920895
7.857847376460938
0
0
2302.3082503802466
1344.3799915369839
114.24738450530063
3543.7914146589032
75.46030319341726
1013.8916476365185
0
37696.42733993145
4409.462262241816
102.25200499251233
0.845503386178195
1397.7534119096601
10.147381847956241
2.0431125740004
38.73433151598572
75.86626350474917
57189.93438061256
0
0
0
0.766144445519672
31477.695919793714
43904.62541767044
29.443061576891644
129.31055353104804
0
0
61.34394195487718
612.8922050387765
26602.099946168655
15.775401155869977
4.3760693360211675
4235.490776732867
28.25233329293679
26.240856449921463
403.7923174202542
0
3.393279440142339
1297.8105667072473
0
361.58487493870757
272.8998402434979
116.39521900380285
371.57346441310443
0.6299909713076264
488.558468819807
52.80644750009908
895.2068101703397
161.5024149836417
0
3.914935258290837
82.10859530397238
0
15.862267935236517
1.216078151716193
2528.552092155173
578.5915811219149
0
9.022231562030905
0
1141.9086812277958
0
787053.7522274487
2981.962193132796
112959.4357841799
0.6756004093216773
36.53325577559023
0
846.0836771861143
11.424478792692547
1.2241544401710738
35.42437255748623
96.77998175366731
25.815548058734656
603.875875310068
31046.30228638245
2.1780555582943486
219.31203293526133
7.1435392126668615
0
64151.79932544348
0
0
806.405009099647
77.75380419457784
19113.02579668119
2187.6875114895674
0
1889.2486644432188
285.80059227879514
19.21920311019068
61.55471670204597
1027.1207296149933
2597.2939985908283
188.5729206510801
462119.0841603565
623.8325199589548
1281.2608501317716
28379.410994116388
0
1.5773626792517192
14.65124054600382
791.3519256338864
0
6.610319064027563
983.7506993387822
996.1022374318517
60.427297907758806
82.32408902793507
3885.3868350170674
96.01230475746512
0
941.4649488956421
31108.872970892575
0
0
1767.9184034976117
33.77157313002694
0
0
1121.425886584733
134.8459367766744
1093.2067232127226
550.9717790546671
7349.814094809163
641.676491676151
7602.870797635515
380.82763828839484
79.82484154456048
2.892228154426776
0.6272963477475999
1064071.9676586108
0
152.55865477906204
83.9836551925714
955.6772483635409
1665.1161216027967
3.2580159106742768
2668.449241348374
0
0
621.4098305059358
0
3031.0558371617253
0.573617177218761
2294.358566307123
0.5824517919817733
93432.36186032585
0
0
1.6709273142822618
0
3.265284543157092
0
154.41185439752186
0
515097.3802773668
12458.478906224445
9296.93159801106
16989.518421060653
0
180.34289637232035
25434.411789074944
0
0
0
3588.644267922795
721.0659291743539
0
156.23522542713425
0
1.5154155292130231
4.354829008168586
7.315763776221809
0
5926.855296771107
218.48758518324576
6.8602396490167745
0
614.3202464204647
187.05442568853724
4.01413357013552
79.99498841042765
463.53367078779155
9.161798042923104
87522.80728159657
130.51570167270737
42.55730274377538
4961.0690500662295
98.29844547685809
16335.480331109815
3.9349215366040595
0
0
53366.806008035775
14.112993694312888
39.93288894980078
225.86137520607798
50.887907783535766
355.8393932767006
1777.239582741373
87.2055699308449
7.567088148078002
558.9608529395761
3.959475398588066
0
4021.374267821312
3.5086168195770586
63171.77393037616
17.85344887603674
367233.59517521184
454.97642040550227
644.0709248801138
3847.515159490471
0
0
0
2343.858782311485
121.05195997792912
20730.456659072872
47916.78413744385
814.8645530848654
154.63029094078817
25.31522380073033
0
178.76196281659335
12.827073387015432
0
25342.45062556401
15.23165017492287
29660.141452446955
10026.255562505079
823880.4644584175
104.27713476801074
594215.1349324837
479.0023026841525
173.24796133925474
136.96880976483789
2.290061820597568
6.779665540842414
56474.40437286854
57.274207398560726
0
0
0
20.847548423846153
22.854290872834362
414.767718592031
29.153213768865086
5.406602230954942
55974.18167083015
0
696.6370332067936
962.0911018301456
105.80056206140408
9.561519940135389
949.3730577228401
1.494911368811091
9.014435922136956
0.8735036569218677
11.09688895824909
28.92869778170573
40.0984158809028
182.6273432058812
7297.682577452857
0
1596.34307527688
568.0552843512735
5920.647149414407
0
184.11300275089883
0
0
0
53.84364858338815
0
0
166.7703137546211
181.2025098106171
43.38443732816012
0
0
0
69.02222926500794
19.428266690855462
1.1779904426960688
0.9791199530355278
177.9052315442136
6081.510955243748
313.34438179800355
5.453918331986204
292.5669357917464
1151958.7583696942
62380.986705582385
407.6513501587774
0
0.8467258462776628
6633.719390931991
22.4807197240783
75.45651570660904
857.5500479804315
0
3.1492189435863747
32.94987413436103
9.677668870079074
82679.6786434158
5527.929219802629
1.0837255063689777
0
8040.378305257146
24.423207508186096
7.808840027558158
0
1355.8853467815215
0
47.0032130546337
0.5332876699099995
4928.644579994579
48422.32937361877
13.537892558122284
1512.8101936194175
280.6453123695265
572.8449296723916
8.76411971404204
68.86445418562825
1476249.917216281
1.2435577587295692
0
7.559233303991675
71.01390849134422
0
18.613623908992682
645.2984716559234
9.20209394435382
744.6803169232303
0
457.86496286462136
143923.68277595885
25660.81027376043
0.906550179831671
0
0
2.1536639380862277
6.570081103167007
0
13695.031409164112
273.7307948585892
721.8807229425585
393.7978953039776
0
0.9789229875629955
44747.33550792211
1418.8445507046233
0
16446.19897153597
13.024412456106619
0
10.373537973169823
0.7810240057987818
2650.465538392991
349.82108532112574
26.223691379698245
96.92262597380541
0
19.833884092354463
1.0182340661846034
30.43801687163604
0
42.44379968258845
0
1.1736714271350934
219.76805310635086
36.59887783522891
700.1059040400645
0
0
23349.53104390672
4.767956814044415
0
3.802049446264836
70.65313142161375
2674807.7469339287
3.028869683567324
36755.8852543039
32.19686650788993
0
5709.263846938445
118.9232285773359
269.03676572678575
0.95375398272544
333.80207501451395
74.52562287067214
0
292.91038401130476
367.21419774235574
47.111837401245786
265.0812056415424
1.2943868532846468
13.586299281728158
0
70524.05516998172
7.336266050034963
2.2946868739398147
50207.41668298966
6.269270667338785
0
0
2.2440469678352075
1.80060044712996
0
0
2.5972600252423517
0
183.31572281948485
348.2435091357654
29.072613919679785
0
41.131806941899356
32.29377300580795
0
0
746.4226927366857
0
249.55426505132013
91.17531533123453
124.80921051679972
10.436512109606
0
3.673668764509423
1.0231253800734308
0
4329.8329380060095
22.683725206061258
0
1.0381589127332376
0
10.934159052209239
13.158095895656341
31.71524702688666
0.5141914100319838
624.6922343153639
0
9.752818047918309
0
6.17752949514094
4.109527264493595
3330.662014284003
415.8413326046269
13.180125688679299
1.5622362098889147
26.492263853723404
48.092536127673284
3.2215762703008863
0.155977778116541
298734.5712089251
16971.904936034327
1.2583108170337038
698.1577349910867
0
0
0
0
3078762.235599164
0.25948825891032357
11014.346996772301
1214.2455888284871
22.479395945622446
862.1057101067495
1742.5028665217599
13008.809835964745
0.3705362683464486
156.73300687510442
1.0849796167070462
1.1578606499013981
0
0
90.63022534232186
317.65634744536624
4.889151565839779
353.12394175946457
48639.57851466803
6.4269176346823675
23633.576921451622
0
89.97922603765466
2372.3727308774933
0
1.1945867975826838
10.222462309542165
17.854271150952982
1025.0574981544316
248641.39437427517
226.48914061568394
18105.939254597157
5.658305950960189
49.10819336736903
11.051886142437981
1.2438975292291334
2222.319339086608
0
136.90723160867685
9581.521573999975
8.618256832433762
2089.4036616430335
45.21741552519625
11.43370911885133
44565.9879974239
1.7528875380903854
73481.65936399832
34611.86291075383
17.47314483769624
0
0
23.82768939856999
4040.271491547746
0
0
0
19.655915680073996
0
112.90982878891091
0
51.26566603288128
5807940.214158354
26.042106568797383
37382.17826905267
15067.075687527165
27.12983944033579
0
0
59.55711690260697
15.657914173298591
13.183369684550021
185.37465885860985
432.6151209799189
24.62234786478877
0.8459218005793272
31.67751195065529
1.4410281717609694
61.2514926692214
938.6465379023011
7.736658444275993
0
27.185051721285113
0
911.334941292777
1.118725686605071
21682.18470314674
64.91872491186572
82.62419923174566
0
305.7548930322071
0
59.32410196314207
91.65809446817724
0
12.840568384407629
921.3717011950151
1036.2724125169818
1153324.7258859775
7.611257180101659
563.3174590561033
0
10.07577486130194
2.1983989614617645
9.05508418400432
5215.039837361399
9.883257041169742
4894.386637617929
20.44915066424229
3.124170342448756
2877.7194331260216
5.05008421628316
30.167345981443507
0
0
0
126803.26734569787
90.7687894517983
4607.761085930427
0
89287.0317256601
0
16521.090640211332
654.8936159375492
28092.172830858162
37.783098306741834
9.453145853823047
0
513.4068874655298
3095.5352341563926
220.5211057848685
2.4961965246145534
150.12947542607145
15.976711651157244
16.240209525418337
0
3254.3816931704396
112463.67481741837
0
211.1242320436775
93799.88418546892
2.488003993465097
4.497543958105707
78526.09317166693
0
0
0
0
1480.020969937862
107.69837584863467
2.3624294804204533
6787.015385055835
0
23.346741037366975
2303.854156903565
575.1472676807798
4.823268789925304
48996.86390679942
556.4324114643259
14400.506262577059
0
1.685177652014672
499.2859988410944
216.72695041993026
30.737073550130805
623947.1971391068
12.24475573959796
0
0
1709.2843610117677
1454.8977951795232
641007.6119832539
2.7732600428719016
7.036448168169885
0
3552.1804797936425
45.21308461746382
0
1126.7681308346632
1.4306071139474943
0
45.85680265701735
9.967185810112053
13.12924131879691
2269.3270985755375
1607.4654607954524
10.522590288500036
156.96080432483095
9.14436885205176
55788.44755154673
0
15541.192787966858
5201613.88265439
0
15.62736541904991
2.203882296446643
5.042607811805701
790.9841525693053
2.6186899256298317
6.34115068750547
0
384.2870389631438
0
0
0
0
42680.7749195885
0
558881.0647808436
7135.166392386956
0
0
1.0197183603566196
4.0051294330009215
0
747523.7880354439
31.651114623576575
10.140528046875836
1066.8487244115968
2.5380823485293975
95.81224566352553
209.53867952071778
201.97643088751033
30864.469916121114
5.933790601375687
13.733618958237866
21.753872067179028
2207.854489081516
125287.49982336439
0
0
6.0660829252870645
114790.55033701222
2.822222152779652
1022.8114690964104
58.61221681550321
340.47724791319354
0
52178.79506350894
10.01282144020985
0
20.361663538889495
2.6786472992825816
0
1.1908164265481227
138.44797152933398
0
449.77630120108023
142.2688384212462
18.454927915244255
0
0
622.6728591602039
7.22042005456729
13051.349051921503
0
83.00264280044887
7.683556347068402
0
0
21841.54181774477
0.7261863849372289
0
3903.770684692271
237.3701009899219
39894.26832747878
52.08209539520201
6.695146442394109
97.69973463568748
0
0
1.6157335173668859
8.740750146961147
