7.871971829859618
32.541882452051375
32.26064862745586
0
648.9852807942281
0
433.3626469751924
0
38.93452664509055
0
15721.946110059407
2429.0886725424425
0.48126664898656246
0
0
1158937.214205637
10706.976438311678
0
523.8222337119694
177.1587153801019
11.792589335122678
23.72406945537583
0
444.2739051707118
0
12.56619992142939
0
0
184.59467176251746
0
0.9399265469086555
85.38630621012906
0.7570859713622237
1.070100223200447
390.1723559196939
0
43.87240540263083
2111.3350813077395
89.73709327804583
0
0
7.518681324544609
355.2905801397462
2426.9470139748737
649.5090690248985
112.89991264271187
3615.4579330965475
296.3760392085755
39.35637920980805
186.74830461479132
68.5743753583361
0
2754.1670019489725
3.833046444312337
390.2259367505387
2.5133644169232925
0
26937.798560248608
218.0792294808711
4855.942614285575
0
6.190680804101928
2.248086681302324
0
1.655803251771167
0
0
0
432.64376555596806
2.6096032219345027
7.929797637757657
3094.802819487831
4808.779393459365
0
0
0
70.13253329763998
116.36852239852547
0
15984.053647632101
0
32705.706921146077
1.6945590266600394
0
0
88.13730031473804
0
0
1.3562744110317337
7.751735037047301
431.05249298926253
0
136.51580559703646
0
0
75.90786721872489
2.2705763649845414
7.009635717190845
2.7610540451935375
0
473.7746527066332
412.2222130514953
0
0
18.468257572297173
1.5268869365504307
65.00979287469971
2.1310312243542757
38.336607674368736
37.53254984237505
1362.3287672120969
44.41159859013939
100.75351241896192
52.52543712358617
2.0347921838105902
25.778732765230412
0
1.2040058626964134
0
0.23489999594479838
9.730483363607222
5.641045160999637
0
6135.347120611949
150.8331009936635
0
353.55289070081824
37.2512112468145
17.122751679993314
6.763943068808364
171.90807858174364
97.19565535186085
85.34079673878412
112.13787902786675
0
5406.227540728231
40.60410870995441
6.579711918537474
10.778135987791151
1235.6059634569913
957.1553455482676
1839.201655844603
1904.851589805102
0
52.32150810736648
58.30984664158441
0
0
23.110230019821593
0
0.9004117958931972
0
586.8499809162543
127.08359320498033
0
889.2205881826201
3.7601610677132493
89.11427362887034
931.4984288222347
0
0
158.14616106283637
2.484802752471074
39.20257336401109
0
1324.4295983808934
0
18.10690871049595
330.511542640421
101.81058235243908
0
0
35.2823275218854
173.6110705581581
19.638964019306393
1721.9118690644602
0
7606.444671386714
0
845.900479362457
66.73871390318357
3.9865946035917896
0
33.550611530884325
13733.772388228032
18.227260318996386
0
138.61241972545793
0
2.5774256597185157
1.1700925118055392
0.9617237892082402
71.46596693462527
0
1990.2444256784545
0
0
0
5.04374038262276
12.240483415552195
0.04041711423383909
1705.7696075389767
150.5441009406872
0
0
14.096818733601578
173.46886604277378
0
275.63898124549354
585.2779903284414
1.1741975536566212
158.77364196980895
6.06136678975132
7774.694628185668
20.014221376066413
62.102105594801095
0
0
43.25932767817021
0
1.2973235424144316
367831.7424015921
410.92523367478424
0
2.6301072166235113
0
73.56555061037454
127.80074157933504
3829.550810526123
52.13462019166965
104.26105578461971
1288.5869019261856
49940.56284472095
0
57.99870041898346
80.00027255199909
1870.6498491709228
0
230.1432655190581
0
0
3.552193077063378
0
76699.5765906544
0
9.135160313780444
1.8733617359896375
2168.1831345644537
0
761.4730604849144
0
0
4002.7809227511843
807.3878495984276
0
70.04796060533003
159.40523431097
1317.2962900926188
2.4040403077026458
20807.79987416747
0
2.837213167669017
335.1016741867206
127674.1281347126
545.5772149990127
0
7.25117728184555
0
0
2.0565500486983628
0
2.301899830667943
0
487.16885146946515
0
6.189155692711785
44.712034975470566
13.19758990714827
0
0
88.02743704881817
716.0583217886011
888.8018061077975
0
73.1559413091225
0
0
950.0075183954754
2.4281179729586984
64.8551788544709
7.84859715655274
0
22.150834722425447
9.880556494602214
0
0
27.656046850752066
2.360602604852977
2.0329694986130247
1406.5926376424177
9735.137936445126
-0.05474871811126292
537.5575527313857
54.91723906697031
22.392873947301712
138.63458905627752
0
5729.163800232584
1.980319471919312
0.716276677347284
0
0
14.522917142073808
524.8338769272158
3.587376777806814
64.88599773764467
10958.551223885428
5001.434327186498
26.989328772001574
23.42874551044517
215.04731106098473
64.80112821771509
0
5978.862484998534
0
4.01737607051029
110.69864656546397
0
2435.2364122622444
402.2858022317502
2.19925659682531
1.53596934903748
0
2717.6771916864504
0
3.604658598753905
142536.16166070072
0
3.932894001483097
273.1895431840738
0
1.555997358123105
0
424.6380839907516
9.020702537409555
25.033157676012475
0
0
0
3189.882653033774
444.76298069360854
14.460689235989097
1.3539374568410885
0
0
14.559105481040579
0
0
0
948.9899188316334
35.10630337365298
466.8761028673749
2.1506983959187567
18.734825894385853
6844.7346781605065
67.55323448704151
461273.86941773095
164.87598708011149
3076.364547063866
0
0
4061.514334829648
5.823553092140807
33.553286478205685
68.57189352908208
772.0886870185344
2.9036782073572733
76.60258085643834
220.94551133564667
794.2249841997001
15.700417212822225
1563.2451014959108
77.51607277816989
75.43490978640303
12.914577951497265
0
0
6200.314542732536
0
0
61793.79330964809
1592.8808207551458
171.16101969273
19.218396283859352
8636.989350466712
88.54347329330264
0.8095124342604818
4.9466039067851
420.72234912394447
409123.80582611385
8346.99209837908
2169.101139194848
82.50792743357702
0
54.53926145060527
0
158.84543668275384
2.0264331736321726
0
0
1787.419810186495
0
0.9989475308694604
1.7198089760915138
0
53839.70764877842
2070.8687111198155
9191.679195594996
31.110426836560574
59156.955481354555
42.05374117025973
0.7203977990673663
2.0865815132231864
1924.6835815228058
0
3.998431616453882
170.78064500356905
33.420451125322955
3.278720424293568
0
2009.4421969564664
55.37048082354516
1.1022099332177429
36.78939291976706
4.0452570666056165
77602.37290884716
1586.5741904167533
1.2551909915576482
0
267589.4112954954
15.545232916763059
6502.310792403496
347.14026033218767
83.83530602401339
403.07367862609937
114384.34938424837
0
2.2498992203035204
62.975694262207774
0
0.9529260306571616
0
666.9655922154795
1745.9647022419679
19.96310505379215
6.931886109708475
743.4824034278771
5.450604936823899
0
89.63413626329012
4806.417352699903
208.47101350767204
80.33024700954293
19.897318774295684
0
161639.63097152417
1370.2282176793872
21.952690351959433
188.8179799817535
103.35451734881445
549.6126710843816
12.521899808495421
9.992594804630427
2574.778651820712
9274.79431165506
0
17.11182103968103
2.0169369911979618
70.44420376714075
30.259645450797024
3.4228457489920574
224.32525403634892
107.54792556916385
119426.51911481761
0
3.3889291644441037
1.0983706495920762
3388.6037807077532
6200.345571280081
53.082555292414426
10461.723009942496
24.729936592156267
32.7060668496901
0
219.2712191537901
2723.7075023219186
78.56784031357013
0
0.9663694987665521
38.81816396543851
43.27405782034699
21808.839933734933
96.60906697297902
0
105.13754530504893
3513.651252042169
129.6448066718691
29477.411742252403
0
1.8668575982725923
0.8353473459309149
403.7719695081675
2.646617531930746
11.13146682609891
12.118789149901904
3654.9503542252305
0.1551422548556537
8.580587708671143
1.7819109403575022
46.28299793734972
195.24841636543997
581922.9235402653
1561.5125776410487
18.622424479088572
0
242630.8032519891
0
0
0.9507696598665991
12.373335730403916
47.290181695246424
1806.6454221378758
0
8.78455318051613
674.0192922169404
168.60267761979645
80.52579147198315
61.085437585661516
767.4861977279934
1.5097921094079916
18.30380078690396
1610.3655510313733
0
110.6126982437327
1048.2223083962228
7.620989244390721
0
0
612.6883053253368
0
0
0.6776976394142233
0
461.91326129190315
2.8594598802301583
25.103281037363484
897.0176114953531
28.278190137002735
1.2105246330615114
61.54708115641746
126.7865625757893
18.11670420577581
55.758156071925335
381.21618928783744
37.20625893499313
53.69543881981058
4246.267763930594
43.875069477141814
9691.403015522148
0
151752.92113607883
1.1783207213213829
1407.9320927593456
0.5085649624512714
213.22417986129767
102943.947802798
0
0
0
20.234322197484648
16.472213226371174
0
0
317.122123403231
97.30065071540102
317.5130428151948
264.3734718606007
0
152.61836577377562
0
1.3108092614507867
28.18416150995151
13461.877478089395
2.2752814762474056
32.28616105160738
9949.268049658967
0.7366886412714011
10.232954425427291
1.9843591232820028
1388.6202789403624
0
0
0
1276.281588044139
4.294036129974145
8580.72844639722
9.808390597019295
0.6229066833736128
1.6272599882975407
0.7083169976637262
15.651572644383327
2.6939657622795883
965.4413898772807
0.9873358803552945
47.494429060669354
2.8586569702782465
293.01764483893993
2.8913991942238986
0.539433214610188
6.558036849473799
10.032752343126123
203.3898364686849
4.085202053655719
0
41.11734850894967
117.35054320172763
110.67573842716533
1.317818394356881
0
0.9227890672670792
0.9338707117209337
0
32.37820238773823
16.554344930025785
94.46444696829981
-0.0008191609795650256
4.470800812730969
0.46679222300654655
1120.2534877177166
1.7555697079908572
98.47382743203207
0
4.187838666251515
145.4175251930717
11.737856920673599
1.847319722344938
123.27187502986874
81.09719732805394
5.487730042473366
2.090486460719207
15.067582461066953
0.8956146083226713
336.9227587276904
27.804258274629774
0
0.11376118608941643
95.99225410871323
0
1.8463122533539633
4.6750160456349095
1.9894403881270857
201.09630835247384
23.84047401668614
2246.028246666541
1968.127090015442
191147.16763859245
5.351215894131128
5.601283629893665
0
38.587242767472866
212.25954122737295
7.782698946052596
504.6103561810572
12006.10959208289
2.936011963388896
48.579960855988595
3567.6200318852407
39.8762800931831
11.540699589018896
3.936515831012316
82684.59934002056
0.7610269499031584
13238.893761507774
0.9977661415767375
22.930670955051156
271.3768349875426
561.366650874927
44.86311854529859
1.4082483969505903
10.09623470829644
1.8406055032490074
8.524037975653037
4968.173633250542
60526.28766433858
0
0
0
0
4352.681684333799
1.0135478193203498
0
2.3533753107939717
14.67485883746306
737.4935403408928
0
55.95506103200893
0.3197877450241602
0
19854.01927682778
0
0
174.90738009909657
0
0
0
19735.86310292125
322.0622095335391
0
0
18.872167816861648
0.9455311334693158
5.546406672332372
0
22.159238717747478
3.9873757721153025
1949.388984764753
4.350615719814509
32.492384065587025
2677.362439022054
1305.1389800257139
202.69897019099767
140.66262757989702
74.41974665402745
3843.467689437937
4.606891212700363
3170.0442573612754
199.8946272878323
93.12971953459198
306.7107404330817
22.71390250542831
83.09108419990484
280.70965976165616
19.10929762703377
79.71055363949988
5530.96465577062
2947.004368945247
7.762129997567218
165.953858112024
72.7782522373563
0
0.9723134497989523
0.6366044662282225
2628.0724157413833
0
392223.7217327092
33.98945991680821
0
60.539540409938475
0
0
42.52436137358128
-0.0057269752738764446
2.787253646019027
0
658.3700827322918
4233.431573855712
2801.925986673519
169.81422803199158
4.50048121329043
5401.784083527399
0
3.543242229435924
0
701.3922746178573
197.63652199115128
0
0
244.6372660204819
0
1884.8326252201964
12.637960510584383
0
99562.70588755092
1.4526914569782625
41406.10910813473
140.24806992827433
57.180499191692654
1176.7109247091937
154.7435234328644
0
542.8144750729565
44.12402306601324
140.84193942279703
5.096654776144415
660.4339294404352
0
3380.2678776709
3.2161744585319783
0
12.917041621812677
13.33711982148513
29.969187845715133
0.5804229380366
166421.34643743158
0
3624.2212596482054
12.097992868436647
722.0430558365723
0
4.9942903225892445
52119.01541984802
1079.1371827028966
167.689672326872
467.44305517239553
89.5218752717563
1019.1967164869994
0
0
0
1073.4864634396795
0.8213113588332613
793.507274402175
1603.1458491536193
64727.781322810646
36.263511190236635
0
7603.089018376978
8.064124497402327
0
6.107963776039549
247.57667945261508
0
19.833388061371735
1327.6098152816971
34.09760822680849
0
1350.9128978777971
1149.1855555834554
24.731444073700757
0
12698.672685971564
2.112394968288365
140.46659612670285
0
8338.14516597138
1277.5239206114632
81229.35441448081
0
0
324.7311994772019
153.43946057536888
7.335392945798249
3210.2131035808166
13684.23329850284
0
400.8563524231324
295.9410325929531
67.59425315889689
15832.053277730784
14.097475204148079
147.9418403095749
1.0074951574394642
389.0958762214304
745.6618160762322
0
147.940737041686
128.85465300246088
134.75176345183036
0.996842360958855
25813.463799771853
4273.3758083856565
5.469739174878451
13.285998930787203
213.88858045165534
1272.4965857627133
5.674490613492464
73.61793483365732
2731.013027484309
5.654672545373207
0
0
7.7414329187358195
999.6617850749637
0
7.811591973106449
0
2789.8026814998148
0
7148006.140517277
446.7083133457716
1.3789085983871872
94.66388911498699
0
0
3945.2990500395795
1.2200308706662324
0
0
3.8985590177843052
53.183584174625814
4087.5451979047316
28.291331902343984
268.54402688109366
65.70430882124433
0
22.339086736248593
0
1314.4094415197817
71.14391441796843
1466872.3880286003
820.5489111034223
358.8042198367885
589.688208731878
2.5431447527676356
0
8.628271540368623
162.24031737900785
0
0
425.9648192154882
0
0
16.422828923279187
0
0
12.94767565738232
0
28.782510101279115
60.25166005479339
346.1435096933612
10.310235123219687
11113.08762961188
613.828069014619
50.67516647941207
1449.5943121370874
8.49822566140053
155.6447824453663
9.38261692887225
198.4054655238263
3.3976081691026354
524.1625638476976
21.876641412815967
0
68.13398965438415
26.68085009344381
175.94218909335774
172.59544881259265
20.598800485905755
0
71715.542562833
0
10.830867481787378
297.9166744671355
0
47.057995573389846
8.626208782456773
2.3337468663471235
0
4428.3888929282075
0
2268.276809457156
0
483.7143102670779
1.9978572714905503
9.191738674802155
1.8976178099582943
3950.923333827521
85441.70865701693
0
126.3696372849421
0
314.25309781820187
17.325994681571952
551.3800401095874
0
0
29323.37949308781
0
9.712161041879336
0
0
201.48277298062897
0
2.398498565018978
15570.487218222946
0
0
115.66641943607249
0
7.334327101493423
5.150066922283264
0
183351.32269121343
30.642954177729358
0
0
0
1194.835395284159
1.4347272757730594
2.40874469082065
