33443.64338465983
17541.140245181898
4.28173367426888
2231.475126659105
0
39.430790855025315
7259.0183356674725
48.73828505461592
235422.6118069403
30.18839903161066
4.087635551084867
0
33.53550205127084
2.6909003527685256
370.31943153808083
0
156.12221739907548
5.52209175788917
0
857.1391688514295
6.002618188404943
5.938435774381641
0
7.973946979877567
5350.786210513911
91.2507673462913
9.145775965697739
0
0
3650.8347972859456
0
0
28.378811928075848
11352.014966006298
2994.797343596951
235.79232591882553
63.060917639214686
0
6.386339396667915
15.925913417707987
30.057913044814615
0
26.430674881806922
0
38.93197012609069
136783.91712978284
11.551688662496517
0
0
0
131.2471352621381
0
0
0
13.219300773475798
810.508566009638
15.265510529462173
0
0
1.2056333869266749
105556.07779395829
2241.5153758287697
200.55454150576765
18.68450466805656
4.080084810202411
16953.94754357198
9.848700660533192
7435.826542437223
23.624031322650225
2.224612384499779
115.73096834407227
5.789811996241176
94.34010413191976
1.9078716499703863
36.223835487574625
2796.2179529979385
0
547.3086752656806
1894.7600904337667
0
2.0395838879428534
0
1.8867155514335687
0
1.1636840784294624
639.9274978793509
10282.867160243559
1330.9122414751928
0
87.953022836483
55.77402755092282
1510.3057935587979
14.513413595613308
180.57837203898956
419.6507027844032
7182.435895415648
0.57206928385596
0
14.688147262004845
1.8525892032954885
20.72180577840367
6753.638866457043
0.7146720637672439
0.5033167529959255
0.5454124198961807
0
0
26.30347676395013
0
0
0
86.78920158726876
267.49580007760807
1.6438765598098266
79407.076914108
129.81906388701185
107755.75158186968
666.5611348474096
0
61.163478683402275
0
2651.089864808942
0
26.541640120097107
0
0
2.708329955797288
38.682013937175455
0
67.70899325637194
5444.302621370735
83.44383958273552
0.8557545523617696
0
53.37779785939455
1.4938834350685508
0
30.143491401333897
0
60102.584447256864
560.9486970588521
0
0
1030.538354619692
25383.49036384577
4770.609040253787
81.2280176856724
0
0
85.5816932785387
1525.8815810375354
12317.799224289649
52.34880671175804
11.030960713810435
15443.873042224865
16.2069315196699
1.6051789165243515
1.694659815911102
95099.75773129408
113.65561680858252
29.711720867238828
149690.1722826474
0
7.45118259491238
0
1201.6288343227125
1.1979510621214853
1475.7429754283094
0
1.9233286017351434
0
0
2957.547898450383
1.4452042595752812
930.9802307636465
62.592424638914956
1314.1272240610215
114.64910891134171
1.0658423097787328
3893.202849000974
38199.04930612397
0
0
180.35121267226089
2.7179604665186297
11748.078205598507
1.0157920608668696
470.4550520268671
2344.6201153232482
2258.893792415837
4.313614467121038
3.353997099916221
0
1.343930530781043
21.590827449870147
0
431.6806814538637
1320.6315602519592
5.360580936529082
0
149.8172987333731
48.457953688976396
7.152627029494573
97.73608982140709
0
1.2532432413373524
68.07124410749607
0
2.0624971911085805
261.97729778707856
1.2331497971621033
0
0
22324.525602101872
607.179772864228
182.61623666143475
0
4.083016220664033
3760.7733642814674
2.723709957398161
2665.8993929427756
46.73077959087204
0
25434.02564371684
0
0
46.67508730013092
0
2234.878113817519
12.49921724078146
512.4179278636115
0
1432.6048270413146
55.67362547239454
110.41119451528374
1777.4575684263766
276.7417108304629
2438.578290602708
12.399872992399507
0
2319.896016447164
10221.091255726182
0
16.895893994349002
0
822.1769204982767
6.4362054147181595
421.30951408361193
0
9519.184571394899
0
0
832.5059347864366
0
652.7769519874746
43.8477742009005
0.8068461969908038
1.0716863107659167
0
0
1.2285915324494447
2.7723853182097833
32.27037358391449
6.611455403797981
0
822.467056926894
0
0
0
0
0
16514.171383198965
4391.452572460564
15098.91898842167
433.6203026151233
13.775527116981337
0
3.0845740547130167
48.44476111780798
0
0
2.7518329625534323
0
5123.438478097421
11.852848502310387
55.1352791851701
3.7155636429714294
132.26190430542263
77.29654250915344
1.4924032835304082
4.553478534116957
403.77744173802097
70.494358301569
1.3469982682113597
4.3317516739719215
61.782904863355675
71.02164169914057
54449.02307996473
4.336686694897284
130.26636839256358
3040.052863751546
1.2300952463723138
0
0
117.50625812595258
228.37559855978142
3.515813356548815
0
85.33413645744074
667.8500156893886
0
16369.364247479105
253.1621252319556
15.25894871533013
0
37.941855171851564
52.30721946113105
0
0
211.49837309533552
681.8106420738826
4426.316704691108
0
114.13589455355505
26.230484281721175
35.38739259081015
3.7698484820317595
4.93395322957218
77.84488873003117
1.089599131136576
0
0
30.3257234097627
15.193917513065468
43.78546515889413
0
17.599761869519067
1090.0459114543241
6.182715454101443
2.195201779980229
4.244738905065902
12.244952186124575
5.844792366461071
7.9512920471188835
4106.842782650753
0
0
269.3889619177092
1.5555048906721867
0
0
2902.9523201447987
2.728698941292854
17.584875644957712
5545.084050593428
3315.082360918076
8146.394872443956
1.0193688275020372
2.604968755494482
16.01893888495845
1.030407509287133
3.4617794962071358
8.281965177347628
689.52328505155
0
4774.3638862984935
917.6292624260675
0
2.279573424401053
33.1086394794153
149568.2839858055
611.8876524316827
0
28.80538564681931
1.5351516594836703
971.3173148213596
2937.66362296963
3.2178948570769865
530.9479653366168
2.5314715540354427
66.95011491141283
14.859511258100726
1.1822471071062532
0
136.80210616352022
0
0
3499.711972363466
4255.413331624562
9.181515285712154
1.8546646134889504
6.760706094448325
29.70923093777553
7.852467215515097
16005.35817257573
0.5285537189494793
0.41770850400135684
2.020152298481003
19.987881514132255
310.69088219938243
107.19047249685956
17106.94220842952
0
317.98672471292014
0
0
0
0
476.4546451368642
9.702140231438449
102.42077920184872
10.32169980721175
1580.7748448404973
12.723800078278268
4.800231292485705
1.8559469306613334
12.735570609745489
368.13137879382225
0
19.417930138568362
5581.19267198224
18.61863132199114
16280.328329407115
252.90914362183574
2517.08346721635
0.8234496985963181
1.5250832347157175
1.9937294245351027
0
0
40.84674080364556
1.8303630027157272
1.3310874134728437
0
3290.5368020455694
151.7063182094189
0
0.6762131689718149
0
5231.815015671759
11.376817953491807
21.230812052424497
0
0
3314.579415733948
7.17852648728815
44.81581669572108
4285.154540914168
0
8.30338643101106
0.5716818173636535
12.277208145152903
53.49203194580135
4.546172080430594
0.621268636431887
265.6852459556216
2.1250215393927756
15133.224323125853
193.74103398924186
90585.0223012625
14.866541621783783
154.69505235969328
32.941464972591575
1083.4514662017593
0
0
421.5539023148107
0
1.070210390262764
35.92208754640462
1.28461247176118
0
0
0
0
9.646702629583933
0
94.49880374603256
122.227549438749
6712.591191732303
0
680.0832261275658
0
10019.69089353084
4582.258974296698
250.39672566926004
882.1975749869778
3711.638179927072
0
0.1355680682518121
0
11.217136034921907
431.12770103174296
2.51085425124698
54.4210126200168
0
15.497039812359521
0
37.128170774014976
9.46631136828016
1.4369814011733872
2.842432509626378
0
9080.621021176983
520665.50910007977
0
0
58.17576692012373
13.299927883074893
6.408826003232178
667.4070166944408
14752.059150433712
13.558899068379642
0.6731817938656478
25.760266654187568
0
0
0
17.119014936475157
0
74.59676384253963
10440.308388845537
2.9418316534839413
329.0570496481655
0
29.555167639016894
0
91.87948411862713
1046.091877690644
0
2.610572377520376
18.483935895730344
0.8853619747258266
0
37.69390226913983
19.12647383008747
0
0
19.883268772048673
1.5586541558526976
0
502.6265282686698
16.96695716015903
243.17467380847276
0
6.4053776379218474
680.7611903813663
0
1414.1197840281084
62815.29208207646
0
0
1.0872196180336722
24571.288179974657
0
2496.6267804080976
0.6445818306635953
0.8175518636019147
0
142.40395428828796
1026.3772844787127
1493.8182668040813
0
397543.9312937269
165.6179354152339
4.377055753151127
53671.91799975393
49.85163143804273
1677.798808671834
752.5630946171344
16354.599485546838
10.348814797730565
0
119536.64048966263
3.4429826550451086
0
1376.5070129948463
0
17.83484950628231
16.160901623101083
17.068271263780762
17.052384442184756
753.9138254161257
0
0
9.269985527408899
56.48026636432063
3.794664759112873
1367.263725520266
0
14.433707181602683
5.819042632725698
1.2045803331693545
0
0.7677521954129239
3.0074632463375472
39.73272764034734
1.036199097364879
52.98802726421829
0
45919.32084674617
0
0
24023.623336097844
0.44370681113436283
0
0
1.7112238823873311
0
4.378569145047867
0
0
28.63310950820782
642.3960004295695
2.6933600666937734
0
0
3.5720897072746967
1689436.691496374
4391.263912231728
17.85481798260384
23.824952013982934
0.5387258739693523
364728.73698383407
172.62354500507706
114.39526985321493
11.332578024633767
0
0
7.398813641319017
20.13584303904312
205.89800881600306
1.818728793403652
419.21070961361403
0
3.258926594440141
0
2519.2307745482553
687.0445246593748
228.8245562105454
0
1740.9817143967553
10325.678263310463
402.5779086102961
0
1.3944777809832032
13.130958786474272
0.809789702291628
37.79105989834599
0
0
108.09198476791583
22.02481748179682
173.1203468563395
0
57.87129203260582
10.223531866827226
1404.9484028418758
98.28519172871697
0
85.61493972151021
421.4273209244093
0
43498.636545573696
48.782174269359366
1.0806353980915329
0
1156.3152474537328
-0.35411326914334595
29673.130437864424
20.243286990878456
3.519226098851853
8.003058142042665
222.2516492065228
0
164.92059144932037
0.6602366639980879
0
3437.546381302426
32.17344594688288
10855.87216624804
0
0
6.522026599742589
36.64161873408268
6506.787447694726
0
378.45202236290623
53.74671378964523
1.6554913776774978
91.37348696608909
0
4.843605357034295
1.8057065033711224
7.941473025933636
0
0
93.29543187381088
0.14231518919299646
1.7779611501592982
693.7278311443447
0
1.3774476262219004
1070.269226202323
2.8363231341814132
34.06901880847681
0
0
0
0
6302.5542188472655
28.60287677947421
591.0427030552221
0
0
0
2.211966777124398
224.3554080400831
49.27196343211619
46.5562824624045
0
0
35450.2121952174
39.76021628273103
3054.7460676650007
1.2291125978285327
5.00178729116916
0
0
523.0674044478906
9.845463536280555
3359.054248060876
7.441844351991122
0
654.8475468554336
9.469471542660948
2472.8176348085276
0.26850332704117896
46.42889130219097
24.527487389206346
0
0
0
2107.5293153719513
131.21096500890837
4.463739576906738
0
0
2.607217505542615
4879.168603815842
1160.654165868571
1122.48647531153
30.13285706845277
0.9204111552034295
163.64636086380864
0
61.503887055452324
309.47311065439186
418.92080502872744
0
3.697070697332541
1.2876282008693063
206.30852041645983
0.6762613777364446
399.2717503998722
0
0
0
5871.335147670507
0
3.863727518574251
7553.824659511005
0
0
18.603394274185913
0
0
112.25589709400128
174.29651149434017
1204.5262825411717
40.95264367988457
0
13439.786462127528
0
42146.230613285166
24.173492517557
0
106.45123489616574
0.7551888928454
115.4691313808388
42.598052262483655
0
2942.9183622824658
0
0
0
4.1630856919618235
12333.433884169839
0
0.9717504354512281
34.67175564504372
10671.64947088486
0
0
0.7082909709710223
464.5888973778011
135.27551990984995
8.044617060841261
1110.1237809187942
1.7500270941593872
1.693986361160069
0
6.453692475720838
0
9.265230220529563
0
27.441912402039286
482.5278077320208
0
0
0
3935.588106674393
8794.934399532298
2858.404096554127
3.517016762761216
219.60184881737655
0
0
537.0202237072976
856.5638525939692
0
0.03663040951230867
109.47962185274365
0
0.6831130930971047
6.81930842049211
8.34343936225544
6065.323822587144
0
0
31.83444242072131
0.5100421686318192
0
13.731061062625825
1488.822376331342
6363.593339652722
0
24.86308615105399
160.23939938677165
2.6645654095949887
89.51890872373032
1.1860083884353212
0
479882.6301189128
0
27.566102507585608
280.1210862963228
3305.5512952261543
5232.739022612699
0
3.340240045356037
688.0415712688364
2278.1202726694764
109.24218410008773
0
1.5498177726852762
2.40874780708112
35732.37839692315
4916.059070227601
19.196176838080078
1029.7409604803952
0
2442.4366213478647
-0.4681765182064179
15.326413751099246
41.80502293819208
7.009774702598202
103.41983244518005
2.147197830881781
63.639980311841235
15.249408483286746
197.67023808075524
13403.617433234365
133789.89662354384
148.87289784514482
0
5.314039728620741
0
38.54015561991301
0
165.96394514645687
1.5947246885706914
1097.4330450680648
406377.31419248483
0
0
3446.9929526666506
0
2.555817939065187
0
244.64661188984115
0
6.855711741611481
264.4005426309446
239.86539938926435
0
37.461038102451724
56.62098346862877
848.2897321823225
0.842381743939201
1.428012036629605
0
93565.83700423758
0
85009.20692593892
3.963497952979344
382.3149708970377
2587.829276399072
0
0
0
1044.037787481323
478.0271340171498
8848.096453934337
32.80777501300111
82.30050900752035
1050.6450545850744
0
60.81007237320127
6.835035883253406
10015.194531719642
0
183.83508081798414
0
2090.3546043865636
77384.63211761063
784.971812020885
0
220.35121246834555
0
11.098886514093865
8.255103614800266
3.1873470893127727
162.84712639674623
125.57685922223908
46.894938724946165
557.9749795238059
37.964263988058036
43.302461406338026
0
2.9345576948107595
22.276548535535472
33.66599298395595
582.0385742655243
0
0
0
2857.0680731979387
0
1399.921336357705
264.9307965627033
17194.570565561087
0
2161.5288187959513
5432.345835347641
0
103.1903242314208
19.13293438601416
224.56006823252707
2.4992521019404528
6.347898160029031
0
8.763634279720499
0
1.2530322742246942
0
0
46.16396274148165
54.172477890860065
1.9205401270672868
369.839461104033
0
0
8.718929651889894
65.88697673606242
0
6181.645820641762
0
1502.1964059184152
79.79292212992932
0
6.826019526394136
2416.05060432409
10.120338465561487
0
0
0
0
6570.741377193733
0
