3.4414321052847545
0
163.0102032319552
0
0
0
71642.25113964305
9846.978317248893
16434.748053822048
0
1146.7859901694712
0
261.45258185981083
0.5418579934312933
0
0
1.5466240828703515
12081.707062681144
15.333430794334959
91502.87767941116
3874.9279719981173
480.77946433410574
1583.2977215875337
317.4498748621061
0
53.018145479766524
0
43.87671654923996
0
5.974907993033612
0
0
453.9186927146345
12.656148795353877
24.217588779360867
843.9967267277901
22133.53223706316
7.403014356681803
28316.759006839693
3.9480236858110644
35.172951884382634
6909.907962267687
0
54526.15588812797
4925.793229118099
0
185.62417211713495
3.3967284735888397
0
0
1.93614893895663
44.283680107874304
0
0
14.946862793657319
54.55901258837162
2.4813492244328113
13477.449423130465
0
16636.62100676896
128.56454496760887
1351.6952140650537
47.54037041744076
2.0948068738242536
519111.8184885072
3.6282173123902792
0
166.71117001585276
4.042394775586817
459233.56416392076
217.74733254582824
4659.377662863207
0
260521.5698032976
0
3323.481589336376
11862.525494968628
33.764266577280786
3893623.732580725
161.2368904549781
40.035056033428674
166.63982534388518
0
0
11032.319339861362
4226.335172594993
0
8.24453901227303
5.458214860818827
37338.84535395756
542.0501558418912
503.8820563775727
0
22956.766150440882
60.6061682013647
0
4447.169775547635
6269.921733636155
66.43335437292721
14.31762845053188
0
23780.5357226847
47.84140825372017
20.324250271830586
486059.8017998377
16707.464060911585
2143.9863985508377
0
0
8193.24889896203
9.084882759275798
0
54.61011331186277
0
0
14.654600067040255
0
10.522228104305745
0.9883902454661959
48.61076478708994
4069.7327340312454
32009.262071463563
15036.247452755879
215.47344524168014
145.7838192624429
0
579790.7774704497
33037.63954374334
29178.628845085426
454.80357852851745
2.1994146292912125
37.87670663287409
1.3797247914216082
106.73389136970424
2.898406921086506
0
496.06819736878526
3534.006965151381
0
230.99191967015332
4.040148781689457
142.4861835864172
0
16226.806924665516
3.34276003617816
4393.5414967840425
0
1.527140192254958
2400.1179257398157
0
2.9388255598491346
1.0646904949655966
28885.80706904478
0
5431.326900911291
0
95.39748547756545
12.70814051961331
5.632570047417343
0
27.247952052030524
352.93214913029317
0
131.08643410733552
534.9892780903101
0
2.481115147568186
0
0
0.5631293979689633
0.431213762705012
614578.1353378645
10790.146231620225
46.81015873543609
8159.972046681776
3.661378759501757
0
0
0
12.376157245440568
15.840628772087536
0
4949.6925163889455
1.4446920679051625
16837.680795941615
17.670403126030127
0
3067.103545660433
3731.193979498133
993.8077043501833
0
0.6791882950829224
27.344588829015677
59070.840491320174
1.5106180303832866
17.258262775525573
74.770298368472
23.28684074935202
423228.07642202097
0
1483.1832986062082
0
10.82416711060153
28.137988332342495
0
6.2401614767531175
1.537018278270063
13.411950416210322
6562.399546856805
432.42791999737506
102.96777037906118
986.968920580633
4.050822931713161
52.70848105609582
0
9271.733212741225
4143.376230842844
1.0122208288707137
16.053616036750835
3982.5658559893054
674.4506771408062
2008.5729891252495
68.87854558340788
0
0
643.9173358664242
28.87625959414339
815.4435231260087
3834.019167518987
11456.889146315423
11.905207409191885
277.5443256645347
0
0
64.08131495651699
53.1319382201012
13.900304598314355
3.1804578646199957
9.736109655432129
78.94659150779249
197.36751208792228
0
455.792222816986
5865.92471048288
152.41726792738893
617199.1642452864
0
0
376.81436934378803
0
38.148908763590896
0
0
0
292.60112750655395
92780.19600042092
485.98190105618875
0
0.8890888821769795
8.878654986462996
441.2602704802538
0
38.63624558256124
0
1645.519794836013
13.07353425299597
1317.2204092792476
0.4530115389695111
0
546550.4123868586
0
20.095462965502367
2418540.887452453
311.0104159759544
0
2.7691664174789032
14.74855625947608
0
26.397505017591527
0
4027.361892569345
0
4020.649123597172
25.122738249075212
1698.0395972006868
5.224849063867317
2.95759771958247
0
241.1189174247286
0
385.9160340605774
30.312464339061393
702187.829277511
85.9567619252576
0
0.4690775767922014
0
42.90841760910438
125.30821659323685
831.2662256361857
23.167342059809183
0.47242253421189184
0
91653.1226999858
0
2.509898622515016
2251.837316254233
1.1709924035128434
2203.09957535946
59.11854369084959
14.66266584565684
33546.36724957556
609.4348918758419
0
0
169261.4641715695
0
1936.0857045920209
29.163887157567153
156.5350517037805
32.65667580648229
863029.0696106651
2.987219788786785
12.374366747664311
0
0
3273.0834574728474
28.454353294574975
450.76543296699344
656.4122767173925
60.24235355791748
0.548429560391118
0
0
3.3586956318425925
3.2939956152685257
0
270.1703476799734
31.952905819853118
0.8229794265858028
0
147.05201924690033
9.25383982300333
4338480.7642755415
0
0
128.52172661628921
133.13777666835958
1.3317392502588317
11608.644968014069
0
4.20164506842192
0
50.50096569151199
2.0040746556535947
3.3935362740241555
253773.51153197399
6.959601249041651
0
3.075329787748196
1998.4341622249417
6.15632187971663
0
1.4175261848852465
971.4574990008502
53101.82453870737
6.232139068366761
103.61968029899079
0
0
797.1991802287787
3.626815165707029
0
5039.332396002893
1451.9926110998806
1.0633110225681748
9.995684395311093
239.43631917417318
62.52959203502683
0
28.46622097553092
5.509515422106701
1.5979689427871553
3.1748303362948436
5015.0817700329
274.61651483277336
0
387.97096787338376
1250.6505425461523
619.8633086637305
2.7927974599184617
3618.558562387937
2.1357146895578643
3.9453502654754695
0
886.5343510007349
0.8711195032608072
258.16184295631825
241.21896778979678
0
0
0
0.8804714662249311
148842.83277436966
6020.7405636118865
2679.916917048803
0.721141159608086
29445.10983995559
5.230268279974468
0
2.16864326584822
270.8740100026238
0
12.752567423525436
0
742.5244666072884
0
986.5383403321069
5727.67052908631
46.75799446276314
51989.91119502112
74.48412981203096
470.0081251089625
971.3780827121084
93962.54150416203
0
5.878032542661494
20.944049756550136
54631.1962371521
22.43166081846736
172.53567895325656
497.49778240583976
0
110.72037036585
1947.4679866658264
479.56971007032564
64.59053296760946
0
14.811391415810496
67.98059388874805
82.9524582812619
10222.634685472674
1476.2004130464807
71.80210048679186
48142.46977789737
0
374908.07108192256
4172.850798375035
19.552163749970617
0.847847802974235
9.085812707219317
0
67.66423837470417
5.915757427417183
3379.2764219550436
0
7572.467032599986
1.1765064426077259
6453.139366465947
109.72381877590408
8.941138530474287
34.70869851714789
0
12208.812719141844
583552.5386336892
0
0
5.930192224847158
1.1290137707900672
0
11.347690091341523
150.33444610749535
16.604643666327988
3429.5117533378066
3.912342345353591
0
75.98945828731242
0
11.450109170925886
0
268.8268429598422
26.1405409430528
43666.711849655934
0
0.3807894947985676
224.75731810542726
2646.272881986806
24.660747776652908
22.432481511473796
1037.3307226248103
105.43064945740316
370.7277914634166
2.860767368963182
0.9877064688920193
0.8164606807687402
3519.1794034727536
6016.077923053122
97.70550849033813
6890.069828305147
0
2283.4314715120763
7273.2001583118845
312.69966567169394
6.94631802338357
0
0
48.79825125122887
26.76912715161725
0
121.6408327874342
0
0
0
52.41366111425422
13.150950204622383
29.730621441431612
33.423601107806746
19.310922182492554
410.66718248506135
634.3735730547622
38.172746782393695
0
10846.805650071017
90.1981946318024
899.2532345098144
0
0
17.055949621462716
0
942.93127888885
281.0446299986412
2367.9835130149345
15.573683391654193
155265.20455430032
4.254310733918683
0
59.31109903626117
130.2520888403917
13833.539262911998
1.1220688476450813
6840.24937282234
15904.903631612267
3.987194403108786
0
85378.63388997097
543.1657002205255
43251.10666854897
7.463756039079278
288.0852640765266
189.32672517001407
8.435241609495788
232.8614104177195
514157.56969287986
9127.39726964351
0
201489.96860490032
1362.42034827503
47.141320492428335
6.785960066381823
1478.674697309843
1791.5260114848895
161.25299718293203
283.2632118179316
17.728040983097653
0
0
0
27549.863360172363
0
764.0736270279973
2424.9514039767278
33.10955981927437
1.2391969707375636
163.0928381816429
0.1976493474559875
335.32329932244465
0
95.0050416195773
0.948119551039696
853.4980195619291
0
1.2665984771094942
477.2136921069571
3.343170299376607
67.9014093895883
391.32860039877386
59.919538736110944
346.18154138476285
0
0
44904.06463392508
83.11004941737622
0.7251220818753875
111.84089505714802
19.963827220342555
100.55852886596676
19354.749798815155
0.3155755903589068
55.95803325878868
0
50.09506800422362
194.18749649287918
0
1.494011726529231
0
0
4.7457229373001235
22928.355729402538
595.3707585783604
0
0
31286.9048707163
2115.530030070761
3.0416262202119047
44.457163843483315
838.8788281070858
0
1.3945925727457298
1.090229056856161
1509.9713072276377
199985.125569131
0
1.9171466087497155
23.864105334618998
0
32810.516377134256
30232.419588014687
0.06400839816949899
69.29122694891785
0
0
337.95385439587346
0
32.60197562672099
0
5032.154895023478
5939.7441464429785
0
4532.737386330508
32.22978639310276
148.89290724910296
2964.475631501162
6416.306418105244
0.4837396104021522
276.12351708511585
8104.284468020916
0
10431.376315869222
0
580.5544397815515
0.8187563718877472
443.2289363068562
0
0
1.8016772334541615
318.00829344871573
0
3962.176983384815
473.95313604014035
97.5128178759993
106.16475006794681
120123.01707919719
24.453262431735862
0
0.9731094149790134
108.20048833439151
86.05302581226339
4400.096905114272
10.76578029485051
0
0
354.62610557708877
5570.091226137296
0
0
173880.34246160928
0
105.00763047179701
0
399.14299728798875
4658.758467606548
0
1290755.8142947934
0
18.47962316552544
41.11329380857604
121.8255437629257
0
130.8007642576819
0
0
0
26.52961325697932
0
482.61334486392747
303910.7546669768
0
43.38934570352246
3.5699990249241518
361.9175515065479
138.57505303019266
2.0033315202175173
59.312564522469266
1.8172627527704694
76.1205087836701
14530.895687934053
0
15.365415186149493
245.81088057898313
0
0
0
112610.67380486899
24889.6000679705
150.248235261522
28.506836193489555
5220.908438450881
24.48073327147207
0
318.5993312662087
53.94994022469087
6.524230189871593
284.7663254678582
0
32.0852248419027
18.38073445944269
2.13363671651336
0
53655.54500945295
2.6760140360209936
5.307853877950254
0.9112686211856581
11893.05136772359
0
0
12.194424668873241
2082.168395879979
0
0
2.3647096999717636
299.0260778238949
0
5400.397598347672
0.8235466502448959
0
8838.008593646904
18.488054678173082
0.7834897301453989
504.20353836964443
141.02189668523525
3.1370862048802497
0
3833.850660538695
259295.58081282955
296.952349467815
0
0
0
25.172412204176936
0
21.29917202201783
130056.83935718183
0
21492.819307224927
2835.8514752692026
2718.684141532109
0
0
35.0672784400655
1362.8339647000796
7800.591381153878
1340.789362500761
1.4233254545336589
1043.2528383241186
0
61943.30281731138
0
0
11.512774493518346
5.383838323936301
0
0.6891967982571479
236.37636956096122
276.5416048110829
837.2678735479052
34.9766100785877
0
0
74.81544253238891
0
240.91261082406012
5672.777260076793
0
48.77916734284081
0
37.8495180379474
385.6053192574776
2.9415971008152537
0
11.220698107030993
18.741834204389352
303.0760763346093
0
28.42645709164293
2143.583340684527
21.252453718953024
0
0
2555.247666532611
37.630563554791706
0
0
6.8135216974771176
11.766938272430204
532.1760513059818
2087915.670228184
83.96136091706916
2.563033660592679
352.7000712852728
4.8926692530116895
65.50050106099577
0.6518181221411206
0
7864.00219267556
0
0
1.4309966773634613
35.057186675603695
17.314617683480186
17.067824676574997
79.795520884738
0
691.8500497841464
28.394577308502367
23.431412667030717
0
0
95.80819474534637
0
16.363307446393627
616.9266871214913
119.90103902092599
34.426778424828086
0.3464911899187201
26.10755771475037
1.4270503432263923
2.2052714406192617
45.642630940269896
76.74322833959913
0.7944143777417266
272.13404433162606
7046.10782447299
0
482.8369062996889
19.4991580688265
313.5030161468969
0
85.44750767050897
1.993183397090502
0
0
0
757.1503354734867
13.298381463886262
0
0
127.65052289557715
1011.5358426783089
2.7112564177241714
12.363956055383861
4843016.435396257
412.4441816530673
9.195050275226418
4.655102496779479
0
82.36126073841136
6089.645968383225
1320.3905860915083
33.5925895562426
43.30849967638281
3033.902841435804
0
132.98882433968876
11.924764490921051
0
93.58876979162834
218.57030473784297
39.40717256154426
0.6267877249254612
1.2556573190888902
101526.87067345926
60.736249250359975
74406.03523438246
545.6541877387872
0
191.2536744569093
10.234833437574627
3.5040128480432666
71.19069276431361
68.486662507035
1.8008975858378682
12.669632194667315
27729.749527345597
4.778835823933873
701.5368279789902
832.9756556665865
81.41159475716206
1.886154764544534
287531.56671014806
12277.465737751336
0
40.30510804642131
0
0
3728.270581783784
1.6930136756902159
0
71.49952144528486
41.54394262765834
119152.71307847126
0
473.6094526469812
1.7404231735072644
3108.9274136882655
0
16231.437375658556
0
0
0
0
0
50.786169502904265
57.6962918812518
1.6436774475402824
2816.025297915953
1.023795036694918
267.4137721386146
1.3899035466833394
0
57.596600338661936
666.590445439579
0
8741.408095553263
36.43990183113827
271116.52890265506
13.974222500545116
3624422.2710416606
0
241424.2098615669
368.3906614973749
1.5444632632188433
6.632600828297333
3.9429314751857127
2126.376489216316
30947.089825492298
0
5.341256299443086
651.0475597486354
414406.2570411062
101249.07652404327
1.4284679026258797
289.2563419068723
111.0826065965188
398.07590127482615
55.16793988163211
0
16.812654908848085
1801.2389562989435
0
441.99669830976933
1548.991120748466
0
0
1828.4296932731818
444.79468126260616
5941.736047280429
17.629198104715098
0.5210154229964219
20.82849916622569
43.30055492466122
4.72584114831306
395.3700317842104
120013.4258361014
0.9419861073825727
4.779759597102225
1403.8991585220451
8.737216414315178
65714.72967541177
386484.86688971164
8.219672929319186
0.8384430741517908
0
1.799497632673328
0
0
10.830606070289603
60.519644522530186
12041.444398985503
0.617595850690535
0
