31536.256282350307
0
322.90284326811076
0
0.6145769510615506
1.4681305957375734
7.534743893263976
17651.029270828607
11.750848601028615
73.54413748620235
310.2973036576898
0
5926.512098371209
145.47992299803894
0
25.4118509735654
15.712734186482436
0
1.2208866517573516
14692.23891239931
0
11063.22119104957
469.01050003385024
222.5529809661399
679.9458385568781
0.5716860820243616
91.72869292712647
310.3069789577398
0
0
520.4732468540533
855.3495574961909
0
509.6844229520495
120.2393028970397
0
360.637063889034
0
2738.1302238422268
20.103604638825693
0
4480.373181711902
0
0
0
32.617399684488824
0
4.035792591129944
15.147033091244579
2.3630029697350787
52006.30166119611
1961.9391501827934
4.605367219406027
0
3.363875348333485
5191.720731897423
21329.805624715034
147.30286368061766
12497.558477979555
33890.39229175494
15.888659288354047
0
940.5305900985786
302.9969218168401
0.28204539077838153
15.933028064308903
374.623796011481
1995.7251717279732
4471.372625324971
1405.1876741497008
127.98230812172032
1.5659612368069251
4911.650758684387
197.1384384313894
42457.45809276424
0
7.131986299645039
1.8181240933022738
571.5149486990774
262.29678478633474
0
186.48415508534433
52.30630571547988
1.3386080959729239
13.583334553710658
0
14050.77558642223
73.20792522624812
-0.033220184548548914
168.99165045130542
19.54851947934632
22.9860918549295
410.8744258970133
105.74167883674222
0
758.9880899837459
0
0.7764890316597864
1.9596662554301163
0
275.00561102742887
16.87563187925681
49.51145721970202
122.08611823371706
0
15.444276684568306
0
506.330987911763
2013.8562704526767
0
16.02321132363461
7.085665362976379
24505.59715224589
114.0171918024726
65.25457022990241
0
121.21713442776074
0
1.0139188523432066
2463.945450445635
20.513273188671697
2.912227442624328
515.3255299771641
0
84654.07643278924
28.03465685642715
11665.009094808122
825.3166916998597
4.536969301208176
9.5842579974444
0
3050.0115301643136
0
172.8418103319817
0
481.1381177374207
3852.9713395478648
1941.4437326676527
8.550455285279682
0
728.6242529342783
0
24.374923908545536
2.323365211325876
12592.825214459122
265.56720983719697
339.2846543210306
43487.58017150185
158.7826153683026
0
58015.96165457119
14.013894396934566
0
2.6108657625055907
354.65387164046894
0
1549.645564248565
2505.9708565071214
103.10754253122232
0
60.069418603945174
299.02179540105493
25.778536988973936
34818.61335216041
9.239120012588145
24607.952799260354
14683.087547322368
1.0208598757531475
20.655150379758762
1118.7737278383881
120.66812218750698
2408.756690582091
8.265379413915635
79.960179558111
4.357357461567038
7.0772145043514065
30.32615621015716
0.8151668285065257
11.100636639777788
0
119.69019543764337
66.56938852810174
0
0
0.7343290270238834
20.21419917811111
113.77475907169271
5.702873284568399
28140.606075492316
0
0
0
10.508977952923761
1.8900562518611528
15.130597871230988
12.897559598543895
2.031844787476059
0
0
88710.57500210124
88.27630065443842
236.84731568449638
0
36.81165603491996
0
1404.1074882571593
3.691940690085259
603.0772258523904
5596.992092898485
5.586923881486274
1.9276589256169163
19.635831556818232
0
5.334449615827297
0
19.407499065985597
0
6.836915773808821
3171.382553807835
3.365767901261978
0
0
0
560.8240434242714
7110.512521649037
24094.234537918666
147.29924736317966
5.247578632729245
101.64458783946023
0
2.114451298318512
2975.84796059859
5.4550254024558456
8.344159395343894
20903.690252190303
199.6378534254156
507.1156339376765
4939.8859375661505
0
1685.6537572400905
476.58615573695425
0
0
2.73248033097998
364.02337319006114
24407.38579422114
0
45849.464443559875
2.144004122425279
0.649606824605323
8673.171402830934
15.468058714543654
0
1.0471570819083782
0
143.82186799421098
0
1.7193647739337008
0
153698.74574379853
0
0
0
0
88.09791245273755
0
72.04086083331777
0.2940889030576599
442.65737660948855
3.0506958511728017
0
47.51623441973793
78.85604079492464
3.5705235236820796
15.269450606280813
13.952863946206714
275.033315344771
374.6735323353047
38.00050985932704
25.678321786588587
3.3213834247805236
0
6717.788106243692
1140.7575417515613
2.2699821267727063
9.103806289784826
0
46.90754223283863
8337.155385993756
1315.863240076899
65.20397724686488
0
0
127.75554424317839
32.79902141114653
123577.56247697888
34.6323229570257
4028.3368733397106
261.22299303506327
40.20518451531778
0
2601.94134926404
1.5209304775844235
26.06133149356539
35.60724894306025
27.47031120147944
18944.776462395064
633.3945146184877
0
12.139939195301594
54.45865882479561
130.11369872273676
32.69610347911378
2.429327449701101
334.4188988866587
0
1.9832111855935244
3.0060275194936357
37.08532397573513
3015.305312904887
51.85901139026454
0
2.1985667126781365
1.9673385718763416
0
3303.7001447013004
0.7602506093361749
9.150691165003785
20.15291147526916
4.92640319986534
15535.340867542069
15.525289449716151
4.209824612515851
44440.50959438641
86.33617978365221
0
72.80457657314327
1.0867088384044774
38.5373725550834
18.702436822892487
25123.491345506143
840.3571644626336
2615.671383420036
98.78013060449192
0
400587.70029229135
613.3896384202417
0
706.7515404407804
3.7687043030135396
85567.27137508606
402.9868507204478
379.1066026049214
0
0
9890.168322755306
0
8.140178467034223
758705.4923304741
1331.3628265335508
7.2688344377012175
73.58901855585279
353.3024521133357
540.8926153574258
0
2002.3604104580518
0.8877276286804763
27910.203492364686
3794.397792678536
710.6560495413432
1.2469914458394427
1522.6161613987617
15.876427096884893
1.078401594322336
0
1353.4069329517079
0
0
74.92290797732034
78.62645065956671
156.39559584019906
134.5191270090676
55.45582276269075
1989.6322094962864
14.52534497054579
570.293250734214
30.975171061707602
79.98768486025477
172098.70918521076
0
193489.93454114508
1018.0368283948649
0
64.2193152727527
7.457871612038135
0
0
3831.8174034482304
38.93846090063684
0
0
0
0
3110.43516077733
589.1011156634764
8101.642750199991
0
1001.740363141095
352.16174945468117
0
976.4362544757768
0
0
292.86196221437797
40573.58937331647
4.425942725883877
1052.1299643041848
93.82659857913434
42.79900241443895
0
22.397031048844237
150934.88505413377
650257.822813139
0
336.45651498765443
0.5800848189185153
4.797438250101123
11.531521355578176
0
0
87.47362930903222
304660.92838275956
0
0
2326.6826422587815
0
0
1.423217093421673
71.62427242695777
960935.0551238803
3352.267727075378
11.424906691166806
0
8.15688279153949
7480.725701994484
198.39903452928297
191.10794354802195
7.150991391055043
2816.6239487058842
1.8317883074293568
10684.201512683061
11.555926442476032
18.67373047967507
0
16.16882120703832
0
29.55719981617871
0
1733.0166018123216
311.83494543275503
35226.77174961589
0
511.29391691935336
1.498092214828212
85.22575215806557
350.69156601461555
0
1142.4640021672037
253.382220060302
5789.634776841263
8.819582184405203
220.58007756828607
824.0265856398349
147371.71341636428
16.973157697170183
6516.4141401525485
217.9275794359641
0
0
1518.1408193357956
351.7519400541329
0
20.1908222740286
0
0
67658.15327270929
0.9160455278311456
1.4268778689699206
12524.029443229052
252.38671571972557
3.6620497390361764
0
53.279456530460514
6.73355874530825
0
0.6314105772057172
2059.2727551085973
116.25595783722218
0
0
1388.4477026409822
84.84214235596626
130.56886475483904
0
959.2962632717985
5351.98175928508
0
2573.3202816987814
0
121.28391590726346
1.2469547801344123
6930.805348440478
174.45327164725998
0
5618.218886209805
2.300208808851076
0
9.042194437736345
901.7756454575065
3231.521743467315
0
0
856.4667022099003
122912.89144471569
986.2048957323017
4.005867273172493
10215.358189965042
0
0
0
0
89.72128757683835
0
0
0
22.739405532387938
837.4072224776272
7881.937352512211
5.091953759852197
156.3232515600532
470.41441921157383
0
0
0.8808705607999867
7.938974118373864
1.230742187219593
7.625877448569022
0.6521370945990428
0
16299.281384381731
15004.948013327456
16.423609830506265
16.08704826277932
641.1716765610036
814.0176791294341
0
6.2568176269587905
5.090781660579309
0
68.27277008419061
21836.396501505817
3109.349221714375
0
8.148484739990089
0
339.3094393628443
2.405235194092551
1684.8361859524728
2.3016432481526286
0
4.355542574094877
46.97522689347914
17839.081682638644
0
91.43032482062225
56908.319222150385
42.383823550116695
684.2493378009751
13.432795364170746
10.225894475544061
1.5348153295617262
107.41761515989373
3.660590613310171
80.71913052671928
484.9248831052137
573.2078823651084
63.52572725093059
250.3554419074672
9.66990385012828
180.36492277785302
132.67271072079689
21891.678348082572
686.3257374827167
1.6952843377749183
1922.9377226419726
0
0
4.401276103916259
0
0
1356.6052823840882
0
1.4758424696797485
1055.3686746952123
80.82411155688429
65.59210796829638
38.50593302401725
268.49348073478893
37.374652870982075
21.560216811005475
7552.654329396833
0
0
66.28425130778677
0
0
3764.3220037030014
7.0548747688197615
871.5788085532098
-0.17452972544788947
1.4910635606364242
31.948570881688305
4.1343050258156815
148.15100590618107
448.06908251198314
0
0
548.114036210022
99.64537394463862
55.81497549911578
68.96722531897585
0
95.36036840509834
45.9134926124173
-0.3384854685881953
0
36.0482564706942
0
155.2917590246944
2.002419746031315
0
259.09543062633065
2.959846000146322
36.33154071258972
15.365278009665417
1.2294147240078905
86.42460930250529
1254798.3847652837
55.92531098505358
0.7217795081616125
0
375.50851793945145
998.2074240599627
6.369246777645982
0
1.184597251161164
38088.848118741415
0
0
0
51.55348917051492
1.331369210049776
0
6.835101415170818
4.70778221898865
124.18119120848392
6051.620332862763
313.45619699885674
57.32415201909792
90.70556532480133
0
574.7297654971918
42.682403453609396
4.393030444704348
0
69737.10403653327
13.485168004636595
27.574391964579252
25608.426820208202
0
0
43.23256521495376
0
0
4.829238956238278
1.8001621564377592
81.08139790630389
302.40295458280383
1.859917417460349
4.218879446651956
1192.8175162899197
0
7581.684461439796
0.5380861936871196
2.723080814472625
8.503690193192153
17.762352706763266
0
11.415379399488545
0
8.523446320095404
2321.742441980297
0
0
18.74894395515019
3.065446814660537
0
2.634612470405519
118.36330816407686
0
0
0
454.2555208221812
9.41299027602762
2024.9919382535256
0
0
1.621396948692472
2.624264454617879
70.2910613335546
1.718074163383706
489.27684836231015
2.4997614698169204
8608.53511767623
0
3699.928609914175
0
510.83858113628105
320.96672370110105
0
18.56981371925606
2153.640723177215
996.224396535052
20.366819885607484
102.64327119879547
0
3.5256513662566222
24.68164475840188
0
25.324865195117418
1.1250832728132218
0
388.8344735294854
7.410592694347743
6517.709211962745
133640.87870591838
1313.24351394013
2.871199264461132
0
632.5106474228841
0.3203343689894793
0
18.223799635578178
1.001159406598031
355.69295755460183
140.4815397800004
0
38.145706067147756
0
4.41188878374151
0
152.08913235305425
0
12.65069945733969
0
25.46761035734506
19525.699032982946
50.037803993962626
242.09727210474563
0
12.280480871814149
2155.3924069824093
339.9990334040594
982.9346320562989
5.733936328861978
12.716241283287458
482.167422714139
3062.0692821449134
0
14.750168346898379
0
47.64023990939656
7666.386799029212
4019.2780710280927
0
12.051884517704945
7179.2192563236495
192.40549272767936
0
2239.821497426295
5.1196675636969475
810.1898318394102
21.71297994921603
0
117.13888464941282
197.39007868437866
0
133.70017280084176
3412.1931413042375
0
87.30803380002374
4.7789886312228935
0
0
15.17575494704064
2554.4550388852117
58.2297334134402
336.55682498488983
19.662152819782282
0
0
36969.71977777395
0
381.92962044224583
38.225976505312936
0.45215507661929677
194.12779176125144
2.9229347991627024
0
1366.893494092601
5706.147751154854
2.130959325426076
7.106464514777695
240.40234472132235
0
7164.712739492741
5386.526840982122
19.353036252247982
0
42553.192084418966
0.9615408510013298
9.868068318408927
6736.856421513646
379.3531333175349
11.459971152433901
3.0685854098688132
2814.5251966501596
-0.019639480236008255
33.785611173854285
43.951552652003215
189.10055447066523
244.10687563069527
0
12952.09107960655
0
0.7543370017381943
30.743887758590432
0
0
871.2887370282657
14.350108337876671
0
1408.45262364544
21.773952311041867
3.261765354432019
1.2554344014100667
5.013086430703863
22999.318211118425
554.5676756950743
0
1.2596938344220348
0
96.52987224143169
0
14.676058541581384
2265.3730045790103
114.06834741803641
224.88723984914296
10526.425372635777
0
9.710695282117843
2180.206472429631
2.4932596044457367
282.7810900131149
1.6096469672009013
362.57141729619417
22121.494658292268
29027.158056826862
0
11.221900847412096
48.77286066157752
557.6773453004016
88181.21837033753
80.45974356600406
244.44993276937996
0
0
0
12317.947474537366
0
1.9507950143815544
13904.052572224618
2.5847775030672704
0
1082.0403311372536
27.778896676258405
0
0.5148329368567581
0
1.0150723093240779
5.781608950526611
216.88183424872307
6233.0347807858625
0
81493.73005043913
0
3.5275094597513332
1078.8812452452764
519.9757560254479
0
0
25.334739698656136
7.424604695361927
1442.5180462386627
837.2079551992343
270965.2479434686
16.42386300063974
646.1686054721779
0
18.75748345014903
316.73401108950054
6.01557970564809
239.82596540303868
0
23555.21220842988
1.1783625871700059
3605.7695152069464
2.7032991979302663
2.7971333693771934
572.5090078182843
0
50576.131795060406
2.5093843584205198
0
1115933.9750359016
0
5066.097229538987
0.7614913625140964
268.39471999704085
0
0
68123.48156640152
1.0426874789263159
1053.5771131017095
1433.6666669197914
214.12254222691445
68.95581229352477
796.4193514403597
0
15833.842311948061
3.984899073258925
0
22.80346663672544
5.608110709180616
167.81251274887816
0
368726.26026411843
60.44304347493642
0
0
4465.703520576972
0
5061.139135068177
0
95.53458347959207
0
0
0
74.31758592839238
0
739.4808541665043
0
2001.368461995595
55643.29042368168
1563.7075366389622
0
5.436749158246185
2.800802468618704
1447.6323341417838
31.111213627622863
32.44517743015469
3.443569441963474
0
0
0
6.7892455103611615
0
6831.818128450652
15.671036284819394
215.05222484959017
80109.06944048428
0.6410808262285206
6.445702682607269
0
0
0
-0.20968278529218098
0
0
48.16944914618942
