0    0    0    0    0    0    0    0    0    0    0    0    0    0    0    0    0    0    8 2534 3793 2351  995  278   41    0    0    0    0    0    0    0    0    0    0    0    0    0    0    0    0    0    0    0    0    0    0    0    0    0
0    0    0    0    0    0    0    0    0    0    0    0    0    0    0    0    0    0    7 2401 3750 2277 1130  365   69    1    0    0    0    0    0    0    0    0    0    0    0    0    0    0    0    0    0    0    0    0    0    0    0    0
0    0    0    0    0    0    0    0    0    0    0    0    0    0    0    0    0    0    7 2273 3655 2444 1184  375   60    2    0    0    0    0    0    0    0    0    0    0    0    0    0    0    0    0    0    0    0    0    0    0    0    0
0    0    0    0    0    0    0    0    0    0    0    0    0    0    0    0    0    0    1 2056 3629 2486 1240  488   94    6    0    0    0    0    0    0    0    0    0    0    0    0    0    0    0    0    0    0    0    0    0    0    0    0
0    0    0    0    0    0    0    0    0    0    0    0    0    0    0    0    0    0    1 2035 3492 2470 1371  514  109    8    0    0    0    0    0    0    0    0    0    0    0    0    0    0    0    0    0    0    0    0    0    0    0    0
0    0    0    0    0    0    0    0    0    0    0    0    0    0    0    0    0    0    3 1920 3407 2478 1418  633  125   16    0    0    0    0    0    0    0    0    0    0    0    0    0    0    0    0    0    0    0    0    0    0    0    0
0    0    0    0    0    0    0    0    0    0    0    0    0    0    0    0    0    0    3 1811 3257 2593 1468  636  197   35    0    0    0    0    0    0    0    0    0    0    0    0    0    0    0    0    0    0    0    0    0    0    0    0
0    0    0    0    0    0    0    0    0    0    0    0    0    0    0    0    0    0    1 1707 3210 2575 1531  721  222   32    1    0    0    0    0    0    0    0    0    0    0    0    0    0    0    0    0    0    0    0    0    0    0    0
0    0    0    0    0    0    0    0    0    0    0    0    0    0    0    0    0    0    3 1571 3147 2512 1626  810  269   58    4    0    0    0    0    0    0    0    0    0    0    0    0    0    0    0    0    0    0    0    0    0    0    0
0    0    0    0    0    0    0    0    0    0    0    0    0    0    0    0    0    0    1 1492 2995 2514 1686  904  327   76    5    0    0    0    0    0    0    0    0    0    0    0    0    0    0    0    0    0    0    0    0    0    0    0
0    0    0    0    0    0    0    0    0    0    0    0    0    0    0    0    0    0    2 1370 2951 2457 1776  960  375   99   10    0    0    0    0    0    0    0    0    0    0    0    0    0    0    0    0    0    0    0    0    0    0    0
0    0    0    0    0    0    0    0    0    0    0    0    0    0    0    0    0    0    1 1317 2828 2463 1797  993  423  150   27    1    0    0    0    0    0    0    0    0    0    0    0    0    0    0    0    0    0    0    0    0    0    0
0    0    0    0    0    0    0    0    0    0    0    0    0    0    0    0    0    0    5 1249 2611 2527 1798 1081  520  165   40    4    0    0    0    0    0    0    0    0    0    0    0    0    0    0    0    0    0    0    0    0    0    0
0    0    0    0    0    0    0    0    0    0    0    0    0    0    0    0    0    0    2 1110 2596 2383 1867 1153  607  234   40    8    0    0    0    0    0    0    0    0    0    0    0    0    0    0    0    0    0    0    0    0    0    0
0    0    0    0    0    0    0    0    0    0    0    0    0    0    0    0    0    0    3 1112 2438 2374 1885 1235  621  250   69   12    1    0    0    0    0    0    0    0    0    0    0    0    0    0    0    0    0    0    0    0    0    0
0    0    0    0    0    0    0    0    0    0    0    0    0    0    0    0    0    0    0  996 2304 2290 1936 1332  724  320   81   17    0    0    0    0    0    0    0    0    0    0    0    0    0    0    0    0    0    0    0    0    0    0
0    0    0    0    0    0    0    0    0    0    0    0    0    0    0    0    0    0    1  954 2291 2275 1938 1312  723  353  125   24    4    0    0    0    0    0    0    0    0    0    0    0    0    0    0    0    0    0    0    0    0    0
0    0    0    0    0    0    0    0    0    0    0    0    0    0    0    0    0    0    2  854 2168 2196 1940 1427  823  401  146   38    5    0    0    0    0    0    0    0    0    0    0    0    0    0    0    0    0    0    0    0    0    0
0    0    0    0    0    0    0    0    0    0    0    0    0    0    0    0    0    0    0  799 2092 2195 1831 1407  937  488  185   50   15    1    0    0    0    0    0    0    0    0    0    0    0    0    0    0    0    0    0    0    0    0
0    0    0    0    0    0    0    0    0    0    0    0    0    0    0    0    0    0    2  771 1963 2098 1851 1484  932  593  226   61   19    0    0    0    0    0    0    0    0    0    0    0    0    0    0    0    0    0    0    0    0    0
0    0    0    0    0    0    0    0    0    0    0    0    0    0    0    0    0    0    2  731 1817 2005 1881 1550  997  611  283   97   23    3    0    0    0    0    0    0    0    0    0    0    0    0    0    0    0    0    0    0    0    0
0    0    0    0    0    0    0    0    0    0    0    0    0    0    0    0    0    0    0  703 1796 1887 1808 1529 1123  648  340  128   35    3    0    0    0    0    0    0    0    0    0    0    0    0    0    0    0    0    0    0    0    0
0    0    0    0    0    0    0    0    0    0    0    0    0    0    0    0    0    0    0  680 1661 1926 1797 1533 1115  723  367  146   46    5    1    0    0    0    0    0    0    0    0    0    0    0    0    0    0    0    0    0    0    0
0    0    0    0    0    0    0    0    0    0    0    0    0    0    0    0    0    0    0  612 1637 1785 1782 1534 1205  778  438  177   43    9    0    0    0    0    0    0    0    0    0    0    0    0    0    0    0    0    0    0    0    0
0    0    0    0    0    0    0    0    0    0    0    0    0    0    0    0    0    0    0  625 1495 1778 1671 1586 1200  795  510  239   82   15    4    0    0    0    0    0    0    0    0    0    0    0    0    0    0    0    0    0    0    0
0    0    0    0    0    0    0    0    0    0    0    0    0    0    0    0    0    0    0  575 1478 1658 1663 1532 1251  928  535  259   91   24    6    0    0    0    0    0    0    0    0    0    0    0    0    0    0    0    0    0    0    0
0    0    0    0    0    0    0    0    0    0    0    0    0    0    0    0    0    0    2  542 1401 1676 1611 1557 1238  918  607  284  119   40    4    1    0    0    0    0    0    0    0    0    0    0    0    0    0    0    0    0    0    0
0    0    0    0    0    0    0    0    0    0    0    0    0    0    0    0    0    0    0  574 1278 1576 1611 1472 1320  963  642  337  165   51   11    0    0    0    0    0    0    0    0    0    0    0    0    0    0    0    0    0    0    0
0    0    0    0    0    0    0    0    0    0    0    0    0    0    0    0    0    0    0  548 1235 1498 1583 1439 1300 1035  714  395  178   52   22    1    0    0    0    0    0    0    0    0    0    0    0    0    0    0    0    0    0    0
0    0    0    0    0    0    0    0    0    0    0    0    0    0    0    0    0    0    0  482 1236 1426 1506 1498 1295 1011  754  466  212   86   26    2    0    0    0    0    0    0    0    0    0    0    0    0    0    0    0    0    0    0
0    0    0    0    0    0    0    0    0    0    0    0    0    0    0    0    0    0    0  464 1208 1396 1433 1408 1324 1040  815  477  287  110   34    4    0    0    0    0    0    0    0    0    0    0    0    0    0    0    0    0    0    0
0    0    0    0    0    0    0    0    0    0    0    0    0    0    0    0    0    0    2  436 1146 1321 1352 1379 1296 1143  842  555  330  140   44   13    1    0    0    0    0    0    0    0    0    0    0    0    0    0    0    0    0    0
0    0    0    0    0    0    0    0    0    0    0    0    0    0    0    0    0    0    1  421 1134 1193 1344 1359 1247 1152  939  583  375  182   60    9    1    0    0    0    0    0    0    0    0    0    0    0    0    0    0    0    0    0
0    0    0    0    0    0    0    0    0    0    0    0    0    0    0    0    0    0    1  408 1059 1201 1290 1318 1303 1065  930  671  452  200   72   24    6    0    0    0    0    0    0    0    0    0    0    0    0    0    0    0    0    0
0    0    0    0    0    0    0    0    0    0    0    0    0    0    0    0    0    0    1  419 1008 1197 1302 1280 1229 1101  942  704  447  247  103   18    2    0    0    0    0    0    0    0    0    0    0    0    0    0    0    0    0    0
0    0    0    0    0    0    0    0    0    0    0    0    0    0    0    0    0    0    0  403 1024 1139 1222 1228 1246 1150  955  716  442  289  137   42    7    0    0    0    0    0    0    0    0    0    0    0    0    0    0    0    0    0
0    0    0    0    0    0    0    0    0    0    0    0    0    0    0    0    0    0    0  388  979 1123 1158 1183 1193 1145  964  785  543  317  147   60   15    0    0    0    0    0    0    0    0    0    0    0    0    0    0    0    0    0
0    0    0    0    0    0    0    0    0    0    0    0    0    0    0    0    0    0    0  360  953 1107 1177 1169 1181 1064  971  775  624  349  190   64   15    1    0    0    0    0    0    0    0    0    0    0    0    0    0    0    0    0
0    0    0    0    0    0    0    0    0    0    0    0    0    0    0    0    0    0    0  370  931 1036 1096 1171 1136 1110 1007  808  581  409  209  105   26    5    0    0    0    0    0    0    0    0    0    0    0    0    0    0    0    0
0    0    0    0    0    0    0    0    0    0    0    0    0    0    0    0    0    0    0  365  908 1075 1120 1067 1065 1044 1041  873  621  430  228  110   45    8    0    0    0    0    0    0    0    0    0    0    0    0    0    0    0    0
0    0    0    0    0    0    0    0    0    0    0    0    0    0    0    0    0    0    0  363  877  994 1092 1105 1041 1066  987  844  686  474  273  127   55   14    2    0    0    0    0    0    0    0    0    0    0    0    0    0    0    0
0    0    0    0    0    0    0    0    0    0    0    0    0    0    0    0    0    0    0  305  865  972 1017 1074 1065 1012  951  900  674  533  384  165   59   22    2    0    0    0    0    0    0    0    0    0    0    0    0    0    0    0
0    0    0    0    0    0    0    0    0    0    0    0    0    0    0    0    0    0    0  366  839  908 1038  988 1058 1027  965  853  732  553  376  182   92   21    2    0    0    0    0    0    0    0    0    0    0    0    0    0    0    0
0    0    0    0    0    0    0    0    0    0    0    0    0    0    0    0    0    0    0  303  809  960  965  985  991  969  942  927  751  631  387  201  125   47    7    0    0    0    0    0    0    0    0    0    0    0    0    0    0    0
0    0    0    0    0    0    0    0    0    0    0    0    0    0    0    0    0    0    0  309  746  860  957 1031  988  974  974  874  786  610  490  238  103   43   15    2    0    0    0    0    0    0    0    0    0    0    0    0    0    0
0    0    0    0    0    0    0    0    0    0    0    0    0    0    0    0    0    0    1  299  772  840  992  934  967  977  915  840  819  626  502  296  142   60   16    1    1    0    0    0    0    0    0    0    0    0    0    0    0    0
0    0    0    0    0    0    0    0    0    0    0    0    0    0    0    0    0    0    1  298  784  811  870  928  930  929  935  880  838  633  551  342  169   71   27    3    0    0    0    0    0    0    0    0    0    0    0    0    0    0
0    0    0    0    0    0    0    0    0    0    0    0    0    0    0    0    0    0    0  262  702  834  924  950  940  904  883  844  754  712  552  370  211  117   32    7    2    0    0    0    0    0    0    0    0    0    0    0    0    0
